GPCR	194bip	194bin	301bip	301bin	304bip	304bin	312bip	312bin	390bip	390bin	401bip	401bin	413bip	413bin	655bip	655bin	661bip	661bin	TILL	E_TIL	R_TIL	C_CTL	O
GPBAR1	3.1864	3.50331	1.93882	1.65863	1.54974	2.51191	1.63378	2.19866	1.65716	1.49482	1.76658	1.8246	1.47167	2.17501	2.93028	4.05603	1.0263	1.34945	26	2	5	1	1
EDNRA	1.0795	1.46817	2.48795	3.2257	2.00628	2.25244	1.90936	0.9644	2.99641	4.66848	2.22716	3.20945	2.49793	3.47808	1.81553	2.41932	1.0263	1.34945	18	1	3	6	1
MC4R	1.0795	1.46817	3.06696	3.75767	1.54974	2.51191	1.63378	2.19866	1.47092	2.2183	1.76658	1.8246	2.44942	1.01673	1.81553	2.41932	1.79594	1.48233	10	0	1	3	1
ADORA2A	1.61669	2.40049	2.58068	1.75177	1.66476	1.29664	2.66181	3.12566	2.12734	1.91658	1.9406	2.24568	1.47167	2.17501	1.01955	1.07356	1.0263	1.34945	23	2	4	1	1
ADORA2B	1.17873	1.34029	1.84166	2.09332	1.66476	1.29664	2.66181	3.12566	2.12734	1.91658	2.59497	2.79214	1.47167	2.17501	1.01955	1.07356	1.0263	1.34945	19	1	4	1	1
PTGER4	1.61669	2.40049	1.96653	1.96641	1.54974	2.51191	1.63378	2.19866	1.65716	1.49482	2.38096	1.39227	3.12914	4.71122	2.53103	3.35015	1.84985	1.22341	52	1	11	4	1
ADRA2A	1.17873	1.34029	2.54186	2.7441	1.66476	1.29664	1.90936	0.9644	2.66492	2.00579	1.9406	2.24568	1.47167	2.17501	1.81059	0.81813	1.79594	1.48233	145	11	22	1	1
PTGER2	1.61669	2.40049	1.84166	2.09332	1.54974	2.51191	1.63378	2.19866	1.65716	1.49482	2.38096	1.39227	2.49793	3.47808	3.1228	4.3799	1.79594	1.48233	33	2	10	3	1
HRH2	1.0795	1.46817	1.93882	1.65863	1.66476	1.29664	1.63378	2.19866	1.47092	2.2183	2.42785	2.7564	1.47167	2.17501	1.81059	0.81813	1.84985	1.22341	19	0	3	2	1
HRH1	1.0795	1.46817	2.89046	2.76973	2.657	3.82278	2.00386	2.81017	1.47092	2.2183	2.22716	3.20945	1.91887	2.18692	1.01955	1.07356	1.0263	1.34945	192	13	14	1	1
MC3R	1.17873	1.34029	1.96653	1.96641	1.66476	1.29664	2.31341	2.2526	2.66492	2.00579	1.76658	1.8246	1.47167	2.17501	1.81553	2.41932	3.18591	3.56969	22	0	2	2	1
CHRM2	1.17873	1.34029	1.96653	1.96641	1.66476	1.29664	1.90936	0.9644	1.47092	2.2183	1.76658	1.8246	2.806	3.01042	1.01955	1.07356	1.84985	1.22341	168	11	7	2	1
CHRM1	1.17873	1.34029	1.93882	1.65863	2.3477	1.68185	1.90936	0.9644	1.47092	2.2183	1.76658	1.8246	2.80858	2.52548	1.01955	1.07356	1.0263	1.34945	144	19	13	3	1
GPR65	1.17873	1.34029	2.48795	3.2257	2.00628	2.25244	2.31341	2.2526	2.773	3.14771	2.38096	1.39227	1.91887	2.18692	1.01955	1.07356	1.0263	1.34945	10	2	1	3	1
GPR68	1.17873	1.34029	1.84166	2.09332	1.54974	2.51191	3.39028	4.09521	1.65716	1.49482	2.86252	2.94724	1.91887	2.18692	2.53103	3.35015	2.9814	2.89421	10	0	3	3	1
ADRA1A	1.0795	1.46817	3.06696	3.75767	1.54974	2.51191	3.32278	4.30252	1.47092	2.2183	2.98299	2.5595	1.47167	2.17501	1.81059	0.81813	1.0263	1.34945	55	2	6	8	1
GPR4	1.17873	1.34029	1.84166	2.09332	1.54974	2.51191	2.75269	3.01719	1.65716	1.49482	2.86252	2.94724	1.91887	2.18692	1.81553	2.41932	1.79594	1.48233	10	2	2	1	1
AVPR2	1.0795	1.46817	1.84166	2.09332	1.54974	2.51191	1.90936	0.9644	2.12734	1.91658	2.38096	1.39227	2.43473	2.3398	1.01955	1.07356	1.0263	1.34945	33	2	6	3	1
DRD5	1.0795	1.46817	1.93882	1.65863	2.5749	2.60312	2.00386	2.81017	1.47092	2.2183	2.42785	2.7564	1.47167	2.17501	1.01955	1.07356	2.9358	4.91126	38	2	5	3	1
CCKAR	1.17873	1.34029	1.96653	1.96641	3.54516	4.69354	1.90936	0.9644	1.65716	1.49482	2.70771	2.64508	2.43473	2.3398	1.01955	1.07356	1.0263	1.34945	67	4	7	3	1
DRD1	1.61669	2.40049	1.84166	2.09332	2.5749	2.60312	2.00386	2.81017	1.47092	2.2183	2.42785	2.7564	1.47167	2.17501	1.01955	1.07356	2.9358	4.91126	45	3	4	3	1
ADRB1	1.0795	1.46817	2.54186	2.7441	1.54974	2.51191	1.63378	2.19866	1.47092	2.2183	1.9406	2.24568	1.47167	2.17501	1.01955	1.07356	1.0263	1.34945	67	1	9	6	1
ADRB2	1.0795	1.46817	3.13867	3.70108	2.00628	2.25244	1.63378	2.19866	1.47092	2.2183	1.9406	2.24568	1.47167	2.17501	1.01955	1.07356	1.0263	1.34945	41	2	5	4	1
PTGFR	3.9932	3.04103	2.89046	2.76973	2.3477	1.68185	1.63378	2.19866	1.65716	1.49482	2.38096	1.39227	2.44942	1.01673	1.01955	1.07356	1.84985	1.22341	16	0	3	2	0
HCRTR2	1.0795	1.46817	2.58068	1.75177	2.00628	2.25244	1.90936	0.9644	3.50991	3.44985	2.70771	2.64508	2.44942	1.01673	1.81059	0.81813	1.84985	1.22341	48	1	5	3	0
ADORA1	1.0795	1.46817	2.89046	2.76973	2.00628	2.25244	2.66181	3.12566	2.12734	1.91658	2.59497	2.79214	2.43473	2.3398	1.01955	1.07356	1.0263	1.34945	21	0	1	1	0
ADORA3	1.0795	1.46817	1.93882	1.65863	2.3477	1.68185	2.66181	3.12566	2.80265	1.87513	2.59497	2.79214	2.43473	2.3398	1.81059	0.81813	1.0263	1.34945	20	1	2	2	0
MTNR1B	1.17873	1.34029	1.93882	1.65863	2.3477	1.68185	1.90936	0.9644	1.65716	1.49482	2.38096	1.39227	1.91887	2.18692	1.81059	0.81813	1.84985	1.22341	18	1	3	1	0
GPR39	3.72302	2.32705	3.49548	2.96208	1.66476	1.29664	1.90936	0.9644	1.65716	1.49482	2.98299	2.5595	2.44942	1.01673	1.01955	1.07356	1.79594	1.48233	28	3	3	2	0
LTB4R	1.61669	2.40049	2.89046	2.76973	1.66476	1.29664	1.90936	0.9644	1.65716	1.49482	2.86252	2.94724	2.44942	1.01673	1.01955	1.07356	2.9814	2.89421	7	0	4	1	0
C5AR1	3.1864	3.50331	1.84166	2.09332	4.2423	2.19849	1.90936	0.9644	1.65716	1.49482	2.38096	1.39227	2.80858	2.52548	1.81059	0.81813	1.84985	1.22341	7	0	3	0	0
GNRHR	1.17873	1.34029	1.93882	1.65863	2.00628	2.25244	1.90936	0.9644	2.80265	1.87513	2.38096	1.39227	2.44942	1.01673	3.86106	3.91648	1.79594	1.48233	23	1	2	0	0
CCR5	1.17873	1.34029	2.58068	1.75177	1.66476	1.29664	1.90936	0.9644	2.12734	1.91658	2.38096	1.39227	2.44942	1.01673	1.01955	1.07356	1.0263	1.34945	8	1	2	3	0
CCR6	1.17873	1.34029	1.84166	2.09332	4.2423	2.19849	3.41674	3.26409	2.66492	2.00579	2.38096	1.39227	2.44942	1.01673	1.81059	0.81813	2.9814	2.89421	7	0	0	2	0
PTGER3	1.0795	1.46817	2.89046	2.76973	2.3477	1.68185	1.63378	2.19866	1.65716	1.49482	2.38096	1.39227	2.44942	1.01673	1.01955	1.07356	1.79594	1.48233	20	0	3	3	0
CYSLTR2	3.72302	2.32705	2.58068	1.75177	2.00628	2.25244	3.53107	3.5907	1.65716	1.49482	2.38096	1.39227	2.44942	1.01673	2.53103	3.35015	1.0263	1.34945	13	2	1	1	0
OPRL1	1.0795	1.46817	1.96653	1.96641	1.54974	2.51191	1.90936	0.9644	2.80265	1.87513	2.38096	1.39227	2.44942	1.01673	1.81059	0.81813	4.56707	4.41244	15	1	4	4	0
CYSLTR1	3.72302	2.32705	2.89046	2.76973	2.00628	2.25244	1.90936	0.9644	2.80265	1.87513	2.38096	1.39227	2.44942	1.01673	1.81059	0.81813	1.79594	1.48233	11	0	0	1	0
CNR1	1.0795	1.46817	1.93882	1.65863	2.5749	2.60312	1.63378	2.19866	2.12734	1.91658	2.70771	2.64508	1.47167	2.17501	1.01955	1.07356	1.84985	1.22341	36	1	4	3	0
CNR2	1.0795	1.46817	2.58068	1.75177	1.66476	1.29664	1.63378	2.19866	2.66492	2.00579	2.42785	2.7564	1.47167	2.17501	1.81059	0.81813	1.84985	1.22341	23	0	3	3	0
P2RY2	3.72302	2.32705	1.96653	1.96641	1.66476	1.29664	1.90936	0.9644	2.773	3.14771	2.38096	1.39227	2.44942	1.01673	1.81059	0.81813	1.0263	1.34945	14	0	1	0	0
F2R	3.72302	2.32705	1.96653	1.96641	1.54974	2.51191	1.90936	0.9644	2.66492	2.00579	2.38096	1.39227	2.44942	1.01673	1.81059	0.81813	1.84985	1.22341	10	0	1	4	0
S1PR1	1.0795	1.46817	1.96653	1.96641	1.66476	1.29664	1.63378	2.19866	3.27426	3.33359	1.76658	1.8246	1.91887	2.18692	1.81059	0.81813	2.9814	2.89421	22	1	6	3	0
GPR183	4.87813	3.48669	3.49548	2.96208	2.00628	2.25244	1.90936	0.9644	2.12734	1.91658	2.38096	1.39227	2.44942	1.01673	1.01955	1.07356	1.0263	1.34945	15	1	1	1	0
PTGER1	1.61669	2.40049	1.93882	1.65863	1.66476	1.29664	2.75269	3.01719	1.65716	1.49482	2.38096	1.39227	2.44942	1.01673	1.01955	1.07356	1.84985	1.22341	62	0	15	0	0
ADRA2B	1.17873	1.34029	2.54186	2.7441	2.3477	1.68185	1.90936	0.9644	2.66492	2.00579	1.9406	2.24568	1.47167	2.17501	1.81059	0.81813	1.0263	1.34945	166	23	14	1	0
ADRA2C	1.17873	1.34029	1.96653	1.96641	2.3477	1.68185	1.90936	0.9644	2.66492	2.00579	1.9406	2.24568	1.47167	2.17501	1.81059	0.81813	1.0263	1.34945	139	9	25	0	0
AVPR1A	1.0795	1.46817	1.96653	1.96641	1.66476	1.29664	1.90936	0.9644	2.12734	1.91658	2.38096	1.39227	2.43473	2.3398	1.01955	1.07356	1.79594	1.48233	42	1	3	3	0
CXCR2	1.17873	1.34029	2.48795	3.2257	4.2423	2.19849	1.90936	0.9644	2.80265	1.87513	2.38096	1.39227	2.44942	1.01673	1.81059	0.81813	1.0263	1.34945	7	0	0	0	0
HTR2A	1.17873	1.34029	1.96653	1.96641	2.5749	2.60312	1.90936	0.9644	2.66492	2.00579	2.42785	2.7564	2.44942	1.01673	1.81059	0.81813	1.79594	1.48233	56	3	5	3	0
LTB4R2	1.61669	2.40049	1.96653	1.96641	2.3477	1.68185	1.90936	0.9644	2.12734	1.91658	2.38096	1.39227	2.44942	1.01673	1.01955	1.07356	1.0263	1.34945	10	0	3	0	0
HTR2B	1.17873	1.34029	1.84166	2.09332	2.3477	1.68185	1.90936	0.9644	2.66492	2.00579	2.42785	2.7564	2.44942	1.01673	1.81059	0.81813	1.0263	1.34945	74	3	5	1	0
GPR84	1.0795	1.46817	2.48795	3.2257	1.66476	1.29664	1.90936	0.9644	2.12734	1.91658	2.22716	3.20945	1.91887	2.18692	1.81059	0.81813	1.0263	1.34945	108	9	8	0	0
CHRM4	1.17873	1.34029	1.96653	1.96641	1.66476	1.29664	1.90936	0.9644	1.47092	2.2183	1.76658	1.8246	2.806	3.01042	1.01955	1.07356	1.0263	1.34945	172	13	15	2	0
OPRK1	1.0795	1.46817	3.06696	3.75767	2.3477	1.68185	3.41674	3.26409	2.12734	1.91658	2.38096	1.39227	2.44942	1.01673	1.81059	0.81813	1.79594	1.48233	15	1	3	2	0
HTR2C	1.17873	1.34029	2.58068	1.75177	1.54974	2.51191	1.90936	0.9644	2.66492	2.00579	2.42785	2.7564	2.44942	1.01673	1.81059	0.81813	1.84985	1.22341	64	6	9	1	0
NPFFR2	1.0795	1.46817	2.58068	1.75177	1.66476	1.29664	1.90936	0.9644	1.65716	1.49482	2.98299	2.5595	2.44942	1.01673	1.81059	0.81813	1.0263	1.34945	22	1	3	1	0
CXCR4	5.42487	4.01668	2.89046	2.76973	2.00628	2.25244	1.90936	0.9644	2.80265	1.87513	2.38096	1.39227	2.44942	1.01673	1.81553	2.41932	2.9814	2.89421	7	0	0	0	0
CHRM3	1.17873	1.34029	1.93882	1.65863	1.66476	1.29664	1.90936	0.9644	1.47092	2.2183	1.76658	1.8246	2.80858	2.52548	1.01955	1.07356	1.84985	1.22341	227	17	12	3	0
NPFFR1	1.0795	1.46817	1.84166	2.09332	1.54974	2.51191	1.90936	0.9644	1.65716	1.49482	2.98299	2.5595	2.44942	1.01673	1.81059	0.81813	1.0263	1.34945	21	2	3	2	0
HCAR3	1.17873	1.34029	1.93882	1.65863	4.2423	2.19849	4.43838	3.60866	2.66492	2.00579	2.38096	1.39227	2.44942	1.01673	1.81059	0.81813	1.84985	1.22341	10	0	3	4	0
HCAR2	1.17873	1.34029	1.93882	1.65863	4.2423	2.19849	4.43838	3.60866	2.66492	2.00579	2.38096	1.39227	2.44942	1.01673	1.81059	0.81813	1.84985	1.22341	10	0	3	1	0
OPRM1	1.0795	1.46817	3.06696	3.75767	2.00628	2.25244	1.90936	0.9644	2.80265	1.87513	2.38096	1.39227	2.44942	1.01673	1.81059	0.81813	1.79594	1.48233	15	1	2	2	0
FFAR2	1.17873	1.34029	1.84166	2.09332	1.66476	1.29664	2.00386	2.81017	2.66492	2.00579	2.38096	1.39227	2.49793	3.47808	2.53103	3.35015	1.79594	1.48233	10	0	1	0	0
FFAR3	1.17873	1.34029	1.96653	1.96641	2.3477	1.68185	2.31341	2.2526	2.12734	1.91658	2.38096	1.39227	2.44942	1.01673	2.53103	3.35015	1.79594	1.48233	8	0	3	3	0
GHSR	1.17873	1.34029	1.84166	2.09332	1.54974	2.51191	1.90936	0.9644	2.66492	2.00579	1.76658	1.8246	2.44942	1.01673	1.81059	0.81813	1.0263	1.34945	18	0	5	0	0
MTNR1A	1.61669	2.40049	1.93882	1.65863	2.3477	1.68185	1.90936	0.9644	1.65716	1.49482	2.38096	1.39227	1.91887	2.18692	1.81059	0.81813	1.84985	1.22341	18	0	3	1	0
F2RL1	3.72302	2.32705	1.96653	1.96641	2.3477	1.68185	1.90936	0.9644	1.65716	1.49482	2.70771	2.64508	2.44942	1.01673	1.81059	0.81813	1.84985	1.22341	12	2	1	1	0
FFAR4	1.61669	2.40049	1.93882	1.65863	4.2423	2.19849	1.90936	0.9644	1.65716	1.49482	2.86252	2.94724	2.806	3.01042	1.81553	2.41932	1.84985	1.22341	40	3	4	3	0
BDKRB1	1.17873	1.34029	1.93882	1.65863	1.66476	1.29664	1.90936	0.9644	1.65716	1.49482	2.22716	3.20945	2.44942	1.01673	1.81553	2.41932	1.79594	1.48233	15	2	5	1	0
BDKRB2	1.17873	1.34029	1.84166	2.09332	4.2423	2.19849	1.90936	0.9644	1.65716	1.49482	2.38096	1.39227	2.44942	1.01673	1.81059	0.81813	1.84985	1.22341	13	2	1	2	0
APLNR	1.0795	1.46817	1.84166	2.09332	1.66476	1.29664	1.90936	0.9644	2.12734	1.91658	2.38096	1.39227	2.43473	2.3398	1.81553	2.41932	1.0263	1.34945	14	2	3	4	0
CXCR5	1.17873	1.34029	2.54186	2.7441	2.3477	1.68185	1.90936	0.9644	1.65716	1.49482	2.38096	1.39227	2.44942	1.01673	1.81059	0.81813	1.0263	1.34945	8	0	3	2	0
NPY5R	1.0795	1.46817	2.54186	2.7441	2.5749	2.60312	1.90936	0.9644	2.80265	1.87513	2.86252	2.94724	2.43473	2.3398	1.81553	2.41932	1.79594	1.48233	124	11	11	1	0
DRD2	1.0795	1.46817	2.58068	1.75177	1.66476	1.29664	1.90936	0.9644	1.47092	2.2183	1.9406	2.24568	2.44942	1.01673	1.81059	0.81813	1.84985	1.22341	151	8	19	1	0
LPAR2	1.17873	1.34029	2.89046	2.76973	1.66476	1.29664	1.63378	2.19866	1.65716	1.49482	1.9406	2.24568	1.91887	2.18692	1.01955	1.07356	1.79594	1.48233	20	2	6	4	0
SSTR2	1.0795	1.46817	1.96653	1.96641	4.2423	2.19849	1.90936	0.9644	1.65716	1.49482	2.38096	1.39227	1.91887	2.18692	1.81059	0.81813	3.18591	3.56969	15	0	2	1	0
OPRD1	1.0795	1.46817	3.06696	3.75767	1.66476	1.29664	1.90936	0.9644	2.12734	1.91658	2.38096	1.39227	2.44942	1.01673	1.81059	0.81813	1.79594	1.48233	15	1	3	4	0
OXTR	3.72302	2.32705	1.96653	1.96641	2.3477	1.68185	1.90936	0.9644	2.80265	1.87513	2.38096	1.39227	2.43473	2.3398	1.01955	1.07356	1.79594	1.48233	42	2	3	3	0
HTR1D	1.0795	1.46817	2.58068	1.75177	1.54974	2.51191	1.90936	0.9644	1.47092	2.2183	1.76658	1.8246	1.47167	2.17501	1.01955	1.07356	1.84985	1.22341	71	2	6	0	0
AGTR1	1.17873	1.34029	2.58068	1.75177	2.3477	1.68185	1.90936	0.9644	1.65716	1.49482	2.86252	2.94724	2.44942	1.01673	1.01955	1.07356	3.18591	3.56969	12	1	1	1	0
LPAR1	3.72302	2.32705	1.84166	2.09332	2.5749	2.60312	2.00386	2.81017	2.12734	1.91658	1.76658	1.8246	1.91887	2.18692	1.81059	0.81813	1.84985	1.22341	20	0	7	2	0
HTR1A	1.0795	1.46817	1.93882	1.65863	2.3477	1.68185	1.90936	0.9644	1.47092	2.2183	1.76658	1.8246	1.47167	2.17501	1.01955	1.07356	1.0263	1.34945	117	10	12	2	0
HTR1B	1.0795	1.46817	1.93882	1.65863	1.66476	1.29664	1.90936	0.9644	1.47092	2.2183	1.76658	1.8246	1.47167	2.17501	1.01955	1.07356	1.79594	1.48233	73	2	8	1	0
