Gprotein	ln(odds_ratio)_scaled	TM_pos1	TM_pos2
GNA12	0.213784229	1.35	2.64
GNA13	0.244950733	1.35	2.64
GNA14	-0.038049163	1.35	2.64
GNA15	0.225130001	1.35	2.64
GNAI1	0.161213373	1.35	2.64
GNAI3	0.171912803	1.35	2.64
GNAL	-0.173203388	1.35	2.64
GNAO1	0.11566903	1.35	2.64
GNAQ	-0.245106977	1.35	2.64
GNAS	-0.111682368	1.35	2.64
GNAZ	0.026911956	1.35	2.64
GNA12	0.091051509	1.35	2.65
GNA13	-0.170213967	1.35	2.65
GNA14	0.119551039	1.35	2.65
GNA15	-0.275561519	1.35	2.65
GNAI1	0.206853493	1.35	2.65
GNAI3	0.295350078	1.35	2.65
GNAL	-0.362356306	1.35	2.65
GNAO1	-0.164704767	1.35	2.65
GNAQ	-0.035894997	1.35	2.65
GNAS	-0.362356306	1.35	2.65
GNAZ	-0.303296	1.35	2.65
GNA12	0.489528124	1.36	2.61
GNA13	0.485193931	1.36	2.61
GNA14	0.662492908	1.36	2.61
GNA15	0.570003513	1.36	2.61
GNAI1	-0.238872576	1.36	2.61
GNAI3	0.093444812	1.36	2.61
GNAL	0.079603199	1.36	2.61
GNAO1	0.321081216	1.36	2.61
GNAQ	0.418966377	1.36	2.61
GNAS	0.178610113	1.36	2.61
GNAZ	0.353193283	1.36	2.61
GNA12	-0.085720154	1.36	2.64
GNA13	0.035038374	1.36	2.64
GNA14	-0.083212852	1.36	2.64
GNA15	0.143847527	1.36	2.64
GNAI1	0.268047086	1.36	2.64
GNAI3	0.054465624	1.36	2.64
GNAL	0.047892246	1.36	2.64
GNAO1	0.163306127	1.36	2.64
GNAQ	-0.183431286	1.36	2.64
GNAS	0.103408705	1.36	2.64
GNAZ	0.13505484	1.36	2.64
GNA12	0.028129239	1.36	2.65
GNA13	0.006483737	1.36	2.65
GNA14	-0.004729817	1.36	2.65
GNA15	0.023696942	1.36	2.65
GNAI1	0.026067322	1.36	2.65
GNAI3	0.019688943	1.36	2.65
GNAL	-0.09608162	1.36	2.65
GNAO1	0.209675824	1.36	2.65
GNAQ	-0.102328864	1.36	2.65
GNAS	-0.073548969	1.36	2.65
GNAZ	0.047465732	1.36	2.65
GNA12	0.256909823	1.39	2.56
GNA13	-0.225039421	1.39	2.56
GNA14	0.206987199	1.39	2.56
GNA15	0.027324106	1.39	2.56
GNAI1	0.382195627	1.39	2.56
GNAI3	0.37708895	1.39	2.56
GNAL	-0.529570105	1.39	2.56
GNAO1	-0.196749171	1.39	2.56
GNAQ	-0.208567478	1.39	2.56
GNAS	-0.529570105	1.39	2.56
GNAZ	-0.590915049	1.39	2.56
GNA12	-0.079197549	1.39	2.6
GNA13	-0.265590105	1.39	2.6
GNA14	-0.058242225	1.39	2.6
GNA15	0.042932403	1.39	2.6
GNAI1	0.181407287	1.39	2.6
GNAI3	0.135201417	1.39	2.6
GNAL	-0.045218998	1.39	2.6
GNAO1	0.06540881	1.39	2.6
GNAQ	0.044885424	1.39	2.6
GNAS	-0.045218998	1.39	2.6
GNAZ	-0.092532527	1.39	2.6
GNA12	0.19759469	1.39	2.61
GNA13	0.081082247	1.39	2.61
GNA14	0.045376743	1.39	2.61
GNA15	0.19490772	1.39	2.61
GNAI1	-0.024640059	1.39	2.61
GNAI3	0.046818898	1.39	2.61
GNAL	-0.148732301	1.39	2.61
GNAO1	0.00230543	1.39	2.61
GNAQ	-0.047528678	1.39	2.61
GNAS	-0.107350951	1.39	2.61
GNAZ	-0.030822616	1.39	2.61
GNA12	0.224036962	1.4	2.61
GNA13	0.232068464	1.4	2.61
GNA14	-0.160316328	1.4	2.61
GNA15	0.232955909	1.4	2.61
GNAI1	-0.125619862	1.4	2.61
GNAI3	-0.094404229	1.4	2.61
GNAL	0.039105625	1.4	2.61
GNAO1	0.309576268	1.4	2.61
GNAQ	-0.149225625	1.4	2.61
GNAS	0.08555541	1.4	2.61
GNAZ	-0.096001305	1.4	2.61
GNA12	0.25514715	1.4	2.65
GNA13	0.249828749	1.4	2.65
GNA14	-0.256716756	1.4	2.65
GNA15	0.138962888	1.4	2.65
GNAI1	-0.253637048	1.4	2.65
GNAI3	-0.10994584	1.4	2.65
GNAL	0.061200722	1.4	2.65
GNAO1	0.453385739	1.4	2.65
GNAQ	-0.149225625	1.4	2.65
GNAS	0.061200722	1.4	2.65
GNAZ	-0.200490624	1.4	2.65
GNA12	0.13251152	1.42	2.53
GNA13	0.052609102	1.42	2.53
GNA14	-0.180246686	1.42	2.53
GNA15	0.188218635	1.42	2.53
GNAI1	-0.038906503	1.42	2.53
GNAI3	0.098221414	1.42	2.53
GNAL	-0.412490481	1.42	2.53
GNAO1	-0.087564865	1.42	2.53
GNAQ	-0.307965745	1.42	2.53
GNAS	-0.292604785	1.42	2.53
GNAZ	-0.384187031	1.42	2.53
GNA12	-0.196967156	1.42	2.54
GNA13	-0.259444779	1.42	2.54
GNA14	-0.146729869	1.42	2.54
GNA15	-0.223996797	1.42	2.54
GNAI1	0.095096967	1.42	2.54
GNAI3	0.110525478	1.42	2.54
GNAL	-0.111009674	1.42	2.54
GNAO1	-0.005370693	1.42	2.54
GNAQ	-0.199070744	1.42	2.54
GNAS	-0.143064236	1.42	2.54
GNAZ	-0.034731963	1.42	2.54
GNA12	0.054779722	1.42	2.56
GNA13	-0.225039421	1.42	2.56
GNA14	-0.024864778	1.42	2.56
GNA15	-0.232629115	1.42	2.56
GNAI1	0.256075621	1.42	2.56
GNAI3	0.259989878	1.42	2.56
GNAL	-0.529570105	1.42	2.56
GNAO1	-0.196749171	1.42	2.56
GNAQ	-0.335053613	1.42	2.56
GNAS	-0.529570105	1.42	2.56
GNAZ	-0.319615789	1.42	2.56
GNA12	-0.003884421	1.43	2.54
GNA13	0.044758188	1.43	2.54
GNA14	-0.083846259	1.43	2.54
GNA15	0.009189728	1.43	2.54
GNAI1	0.086892598	1.43	2.54
GNAI3	0.075609298	1.43	2.54
GNAL	-0.048465396	1.43	2.54
GNAO1	0.093804907	1.43	2.54
GNAQ	-0.041496829	1.43	2.54
GNAS	-0.048465396	1.43	2.54
GNAZ	0.060931332	1.43	2.54
GNA12	-0.606066218	1.45	2.54
GNA13	-0.532785648	1.45	2.54
GNA14	0.231044657	1.45	2.54
GNA15	-0.426790737	1.45	2.54
GNAI1	0.13905974	1.45	2.54
GNAI3	0.081091704	1.45	2.54
GNAL	0.051678811	1.45	2.54
GNAO1	-0.215771361	1.45	2.54
GNAQ	0.219688397	1.45	2.54
GNAS	0.104612155	1.45	2.54
GNAZ	-0.075639161	1.45	2.54
GNA12	-0.540722712	1.46	2.5
GNA13	-0.353752585	1.46	2.5
GNA14	0.040713687	1.46	2.5
GNA15	-0.17239724	1.46	2.5
GNAI1	0.11677504	1.46	2.5
GNAI3	-0.045031787	1.46	2.5
GNAL	0.160527935	1.46	2.5
GNAO1	0.052469634	1.46	2.5
GNAQ	0.167273238	1.46	2.5
GNAS	0.099006914	1.46	2.5
GNAZ	0.105788951	1.46	2.5
GNA12	0.003310049	1.46	2.54
GNA13	0.001308223	1.46	2.54
GNA14	0.017236992	1.46	2.54
GNA15	-0.00373875	1.46	2.54
GNAI1	0.010012519	1.46	2.54
GNAI3	0.008914714	1.46	2.54
GNAL	-0.011712155	1.46	2.54
GNAO1	0.048887829	1.46	2.54
GNAQ	-0.006125898	1.46	2.54
GNAS	-0.011712155	1.46	2.54
GNAZ	0.009004806	1.46	2.54
GNA12	0.037252411	1.47	2.51
GNA13	0.039674095	1.47	2.51
GNA14	-0.019851519	1.47	2.51
GNA15	0.061549797	1.47	2.51
GNAI1	0.059652659	1.47	2.51
GNAI3	0.024928717	1.47	2.51
GNAL	0.043721704	1.47	2.51
GNAO1	0.100091342	1.47	2.51
GNAQ	0.038964139	1.47	2.51
GNAS	0.023582033	1.47	2.51
GNAZ	0.018978447	1.47	2.51
GNA12	-0.002667063	1.47	2.54
GNA13	0.035038374	1.47	2.54
GNA14	-0.058677418	1.47	2.54
GNA15	0.045921128	1.47	2.54
GNAI1	0.034718444	1.47	2.54
GNAI3	0.054465624	1.47	2.54
GNAL	0.009316969	1.47	2.54
GNAO1	0.105778711	1.47	2.54
GNAQ	0.010679763	1.47	2.54
GNAS	0.009316969	1.47	2.54
GNAZ	0.085423216	1.47	2.54
GNA12	-0.239123514	1.47	2.55
GNA13	-0.368179161	1.47	2.55
GNA14	0.117375586	1.47	2.55
GNA15	-0.300842612	1.47	2.55
GNAI1	-0.004368852	1.47	2.55
GNAI3	0.018174109	1.47	2.55
GNAL	-0.061359151	1.47	2.55
GNAO1	-0.065906989	1.47	2.55
GNAQ	0.095190565	1.47	2.55
GNAS	-0.061359151	1.47	2.55
GNAZ	0.066004429	1.47	2.55
GNA12	-0.388556777	1.49	2.54
GNA13	-0.363211055	1.49	2.54
GNA14	-0.047876232	1.49	2.54
GNA15	-0.46448526	1.49	2.54
GNAI1	0.101479946	1.49	2.54
GNAI3	0.174350836	1.49	2.54
GNAL	0.087239883	1.49	2.54
GNAO1	0.083027136	1.49	2.54
GNAQ	0.051599863	1.49	2.54
GNAS	0.087239883	1.49	2.54
GNAZ	0.158247733	1.49	2.54
GNA12	0.25344877	1.5	2.47
GNA13	0.232068464	1.5	2.47
GNA14	-0.036777348	1.5	2.47
GNA15	0.232955909	1.5	2.47
GNAI1	0.391668868	1.5	2.47
GNAI3	0.330423704	1.5	2.47
GNAL	0.039105625	1.5	2.47
GNAO1	0.438649444	1.5	2.47
GNAQ	-0.041496829	1.5	2.47
GNAS	0.130183157	1.5	2.47
GNAZ	0.313083646	1.5	2.47
GNA12	-0.258905292	1.5	2.54
GNA13	-0.237153849	1.5	2.54
GNA14	-0.049400212	1.5	2.54
GNA15	-0.415259412	1.5	2.54
GNAI1	-0.005023876	1.5	2.54
GNAI3	-0.025977126	1.5	2.54
GNAL	0.09983838	1.5	2.54
GNAO1	0.090406654	1.5	2.54
GNAQ	0.030468709	1.5	2.54
GNAS	0.068662137	1.5	2.54
GNAZ	0.101974056	1.5	2.54
GNA12	0.104096917	1.51	2.51
GNA13	-0.029699015	1.51	2.51
GNA14	0.015848908	1.51	2.51
GNA15	0.027324106	1.51	2.51
GNAI1	0.078690804	1.51	2.51
GNAI3	0.052457777	1.51	2.51
GNAL	0.114909617	1.51	2.51
GNAO1	0.122026616	1.51	2.51
GNAQ	-0.019512689	1.51	2.51
GNAS	0.083733373	1.51	2.51
GNAZ	0.118077682	1.51	2.51
GNA12	-0.364945342	1.51	2.54
GNA13	-0.34924703	1.51	2.54
GNA14	0.042502579	1.51	2.54
GNA15	-0.545885157	1.51	2.54
GNAI1	0.13905974	1.51	2.54
GNAI3	0.151343744	1.51	2.54
GNAL	0.051678811	1.51	2.54
GNAO1	0.138547597	1.51	2.54
GNAQ	0.003934166	1.51	2.54
GNAS	0.051678811	1.51	2.54
GNAZ	0.260231342	1.51	2.54
GNA12	-1	1.52	2.54
GNA13	-0.495448794	1.52	2.54
GNA14	-0.214325932	1.52	2.54
GNA15	-0.595746615	1.52	2.54
GNAI1	0.618768676	1.52	2.54
GNAI3	0.484626141	1.52	2.54
GNAL	-0.483120321	1.52	2.54
GNAO1	0.752184235	1.52	2.54
GNAQ	-0.27571176	1.52	2.54
GNAS	-0.483120321	1.52	2.54
GNAZ	0.375156827	1.52	2.54
GNA12	0.244430925	1.53	2.43
GNA13	0.45076229	1.53	2.43
GNA14	-0.067945747	1.53	2.43
GNA15	0.106818738	1.53	2.43
GNAI1	0.081845038	1.53	2.43
GNAI3	0.098221414	1.53	2.43
GNAL	0.376215153	1.53	2.43
GNAO1	0.416887468	1.53	2.43
GNAQ	0.24368827	1.53	2.43
GNAS	0.376215153	1.53	2.43
GNAZ	0.214568816	1.53	2.43
GNA12	0.208071708	1.53	2.47
GNA13	0.135063632	1.53	2.47
GNA14	0.043750406	1.53	2.47
GNA15	0.21823957	1.53	2.47
GNAI1	-0.109605334	1.53	2.47
GNAI3	-0.144582801	1.53	2.47
GNAL	0.063881198	1.53	2.47
GNAO1	0.127650346	1.53	2.47
GNAQ	-0.018175363	1.53	2.47
GNAS	0.108508946	1.53	2.47
GNAZ	-0.168791839	1.53	2.47
GNA12	-0.464354805	1.53	2.54
GNA13	-0.608002743	1.53	2.54
GNA14	-0.177202482	1.53	2.54
GNA15	-0.415259412	1.53	2.54
GNAI1	0.303195638	1.53	2.54
GNAI3	0.303739561	1.53	2.54
GNAL	-0.138794581	1.53	2.54
GNAO1	0.281490388	1.53	2.54
GNAQ	-0.003736952	1.53	2.54
GNAS	-0.138794581	1.53	2.54
GNAZ	0.2357138	1.53	2.54
GNA12	0.04061039	1.54	2.44
GNA13	0.009133548	1.54	2.44
GNA14	0.005538688	1.54	2.44
GNA15	0.037433558	1.54	2.44
GNAI1	0.015682347	1.54	2.44
GNAI3	0.036791115	1.54	2.44
GNAL	0.002198767	1.54	2.44
GNAO1	0.007137966	1.54	2.44
GNAQ	0.016253507	1.54	2.44
GNAS	0.002198767	1.54	2.44
GNAZ	-0.005949665	1.54	2.44
GNA12	0.133826266	1.54	2.47
GNA13	0.091078258	1.54	2.47
GNA14	-0.151213616	1.54	2.47
GNA15	0.072089994	1.54	2.47
GNAI1	-0.006557653	1.54	2.47
GNAI3	-0.020193819	1.54	2.47
GNAL	-0.074775509	1.54	2.47
GNAO1	0.028396096	1.54	2.47
GNAQ	-0.102075324	1.54	2.47
GNAS	-0.045218998	1.54	2.47
GNAZ	-0.035028899	1.54	2.47
GNA12	-0.324051841	1.54	2.48
GNA13	-1	1.54	2.48
GNA14	-0.152667048	1.54	2.48
GNA15	-0.091770314	1.54	2.48
GNAI1	-0.6474518	1.54	2.48
GNAI3	-0.748924835	1.54	2.48
GNAL	0.337639875	1.54	2.48
GNAO1	-0.772468654	1.54	2.48
GNAQ	0.115810394	1.54	2.48
GNAS	0.337639875	1.54	2.48
GNAZ	-0.753263312	1.54	2.48
GNA12	0.273842732	1.54	2.51
GNA13	0.278764847	1.54	2.51
GNA14	0.143651178	1.54	2.51
GNA15	0.183791205	1.54	2.51
GNAI1	-0.572454492	1.54	2.51
GNAI3	-0.289626516	1.54	2.51
GNAL	0.097199349	1.54	2.51
GNAO1	-0.148519808	1.54	2.51
GNAQ	-0.02967828	1.54	2.51
GNAS	0.097199349	1.54	2.51
GNAZ	-0.014066208	1.54	2.51
GNA12	-0.7930941	1.54	2.54
GNA13	-0.629151106	1.54	2.54
GNA14	-0.152667048	1.54	2.54
GNA15	-0.768143856	1.54	2.54
GNAI1	0.1240875	1.54	2.54
GNAI3	0.008914714	1.54	2.54
GNAL	0.035306418	1.54	2.54
GNAO1	0.04623383	1.54	2.54
GNAQ	-0.037349398	1.54	2.54
GNAS	0.035306418	1.54	2.54
GNAZ	0.089469163	1.54	2.54
GNA12	-0.205400267	1.55	8.57
GNA13	-0.299654591	1.55	8.57
GNA14	-0.085604586	1.55	8.57
GNA15	-0.571218065	1.55	8.57
GNAI1	0.226803983	1.55	8.57
GNAI3	0.328615056	1.55	8.57
GNAL	-0.069956096	1.55	8.57
GNAO1	-0.246775332	1.55	8.57
GNAQ	-0.196891323	1.55	8.57
GNAS	-0.161033628	1.55	8.57
GNAZ	0.199220295	1.55	8.57
GNA12	0.208071708	1.56	8.5
GNA13	0.355636698	1.56	8.5
GNA14	-0.19560117	1.56	8.5
GNA15	0.257867972	1.56	8.5
GNAI1	-0.251496548	1.56	8.5
GNAI3	-0.279704488	1.56	8.5
GNAL	0.017431414	1.56	8.5
GNAO1	0.127650346	1.56	8.5
GNAQ	0.078772122	1.56	8.5
GNAS	0.017431414	1.56	8.5
GNAZ	-0.025590522	1.56	8.5
GNA12	-0.282823012	1.56	8.54
GNA13	-0.243151417	1.56	8.54
GNA14	0.05800391	1.56	8.54
GNA15	-0.329328215	1.56	8.54
GNAI1	0.134664336	1.56	8.54
GNAI3	0.207823909	1.56	8.54
GNAL	-0.037806192	1.56	8.54
GNAO1	-0.079318666	1.56	8.54
GNAQ	-0.066135953	1.56	8.54
GNAS	-0.090739536	1.56	8.54
GNAZ	-0.024707904	1.56	8.54
GNA12	-0.098033184	1.56	8.57
GNA13	-0.161936753	1.56	8.57
GNA14	0.26068366	1.56	8.57
GNA15	-0.113534696	1.56	8.57
GNAI1	-0.014341562	1.56	8.57
GNAI3	0.116451904	1.56	8.57
GNAL	0.203619069	1.56	8.57
GNAO1	0.21947983	1.56	8.57
GNAQ	0.115810394	1.56	8.57
GNAS	0.051678811	1.56	8.57
GNAZ	0.360768423	1.56	8.57
GNA12	0.021906861	1.57	2.39
GNA13	-0.13878043	1.57	2.39
GNA14	-0.097517156	1.57	2.39
GNA15	-0.122071627	1.57	2.39
GNAI1	0.208558049	1.57	2.39
GNAI3	0.273770007	1.57	2.39
GNAL	-0.168351092	1.57	2.39
GNAO1	-0.04739669	1.57	2.39
GNAQ	-0.041496829	1.57	2.39
GNAS	-0.288236788	1.57	2.39
GNAZ	-0.096001305	1.57	2.39
GNA12	0.170699853	1.57	2.4
GNA13	0.101184725	1.57	2.4
GNA14	0.039017351	1.57	2.4
GNA15	0.038855431	1.57	2.4
GNAI1	-0.014341562	1.57	2.4
GNAI3	0.008914714	1.57	2.4
GNAL	-0.00984221	1.57	2.4
GNAO1	-0.032044404	1.57	2.4
GNAQ	0.010042047	1.57	2.4
GNAS	-0.00984221	1.57	2.4
GNAZ	-0.087329693	1.57	2.4
GNA12	0.046928137	1.57	2.41
GNA13	-0.13878043	1.57	2.41
GNA14	0.240214963	1.57	2.41
GNA15	-0.122071627	1.57	2.41
GNAI1	0.229497132	1.57	2.41
GNAI3	0.235312458	1.57	2.41
GNAL	-0.168351092	1.57	2.41
GNAO1	-0.529306152	1.57	2.41
GNAQ	0.026128086	1.57	2.41
GNAS	-0.09491518	1.57	2.41
GNAZ	-0.367300565	1.57	2.41
GNA12	-0.025104554	1.57	2.42
GNA13	-0.736878522	1.57	2.42
GNA14	-0.152667048	1.57	2.42
GNA15	-0.091770314	1.57	2.42
GNAI1	-0.313273889	1.57	2.42
GNAI3	0.008914714	1.57	2.42
GNAL	-0.529570105	1.57	2.42
GNAO1	-1	1.57	2.42
GNAQ	-0.335053613	1.57	2.42
GNAS	-0.529570105	1.57	2.42
GNAZ	-0.447713732	1.57	2.42
GNA12	0.173326912	1.57	2.43
GNA13	0.213079009	1.57	2.43
GNA14	0.025203085	1.57	2.43
GNA15	0.151370317	1.57	2.43
GNAI1	-0.133403771	1.57	2.43
GNAI3	-0.197434498	1.57	2.43
GNAL	0.082433702	1.57	2.43
GNAO1	-0.076050668	1.57	2.43
GNAQ	0.019778176	1.57	2.43
GNAS	0.114488264	1.57	2.43
GNAZ	-0.170875483	1.57	2.43
GNA12	-0.002450459	1.57	2.44
GNA13	-0.004977891	1.57	2.44
GNA14	0.004505683	1.57	2.44
GNA15	-0.00904863	1.57	2.44
GNAI1	-0.009487441	1.57	2.44
GNAI3	-0.00919048	1.57	2.44
GNAL	0.01548135	1.57	2.44
GNAO1	0.005806685	1.57	2.44
GNAQ	0.001941467	1.57	2.44
GNAS	0.01548135	1.57	2.44
GNAZ	0.016541833	1.57	2.44
GNA12	0.305959708	1.57	2.47
GNA13	0.115365256	1.57	2.47
GNA14	0.141132621	1.57	2.47
GNA15	0.112165365	1.57	2.47
GNAI1	-0.318203922	1.57	2.47
GNAI3	-0.161098813	1.57	2.47
GNAL	0.199165593	1.57	2.47
GNAO1	-0.322568118	1.57	2.47
GNAQ	0.100588542	1.57	2.47
GNAS	0.199165593	1.57	2.47
GNAZ	0.025391248	1.57	2.47
GNA12	-0.114868911	1.57	ICL1.5
GNA13	-0.079975151	1.57	ICL1.5
GNA14	0.184720471	1.57	ICL1.5
GNA15	-0.060231875	1.57	ICL1.5
GNAI1	0.083691594	1.57	ICL1.5
GNAI3	0.149176491	1.57	ICL1.5
GNAL	-0.063138451	1.57	ICL1.5
GNAO1	0.00496831	1.57	ICL1.5
GNAQ	0.246077216	1.57	ICL1.5
GNAS	-0.106081725	1.57	ICL1.5
GNAZ	0.060634468	1.57	ICL1.5
GNA12	0.028805258	1.58	2.44
GNA13	0.014011565	1.58	2.44
GNA14	-0.020551859	1.58	2.44
GNA15	0.006991762	1.58	2.44
GNAI1	-0.024279341	1.58	2.44
GNAI3	-0.00031225	1.58	2.44
GNAL	-0.013827719	1.58	2.44
GNAO1	0.001112688	1.58	2.44
GNAQ	-0.022739491	1.58	2.44
GNAS	-0.013827719	1.58	2.44
GNAZ	-0.006532143	1.58	2.44
GNA12	-0.065998055	1.59	8.57
GNA13	-0.065571295	1.59	8.57
GNA14	0.358846926	1.59	8.57
GNA15	-0.179326295	1.59	8.57
GNAI1	-0.06546426	1.59	8.57
GNAI3	0.040090171	1.59	8.57
GNAL	0.016302022	1.59	8.57
GNAO1	-0.148519808	1.59	8.57
GNAQ	0.268970185	1.59	8.57
GNAS	-0.045218998	1.59	8.57
GNAZ	0.163663359	1.59	8.57
GNA12	0.314736233	1.6	2.4
GNA13	0.305277599	1.6	2.4
GNA14	0.123406187	1.6	2.4
GNA15	0.235661987	1.6	2.4
GNAI1	-0.135093103	1.6	2.4
GNAI3	-0.103199881	1.6	2.4
GNAL	0.167493441	1.6	2.4
GNAO1	0.033364407	1.6	2.4
GNAQ	0.115810394	1.6	2.4
GNAS	0.167493441	1.6	2.4
GNAZ	-0.089534237	1.6	2.4
GNA12	-0.099107048	1.6	8.53
GNA13	-0.091705242	1.6	8.53
GNA14	0.157213641	1.6	8.53
GNA15	-0.140423665	1.6	8.53
GNAI1	0.234194539	1.6	8.53
GNAI3	0.239673875	1.6	8.53
GNAL	-0.139863498	1.6	8.53
GNAO1	-0.065906989	1.6	8.53
GNAQ	0.060160593	1.6	8.53
GNAS	-0.181244847	1.6	8.53
GNAZ	0.066004429	1.6	8.53
GNA12	-0.307118931	1.6	8.56
GNA13	-0.46968298	1.6	8.56
GNA14	-0.039625001	1.6	8.56
GNA15	-0.633441138	1.6	8.56
GNAI1	0.259144559	1.6	8.56
GNAI3	0.190662315	1.6	8.56
GNAL	-0.252675716	1.6	8.56
GNAO1	-0.148519808	1.6	8.56
GNAQ	-0.220150595	1.6	8.56
GNAS	-0.252675716	1.6	8.56
GNAZ	0.211348136	1.6	8.56
GNA12	0.122318298	2.38	4.42
GNA13	0.135703007	2.38	4.42
GNA14	0.022033883	2.38	4.42
GNA15	0.173822235	2.38	4.42
GNAI1	0.09273654	2.38	4.42
GNAI3	0.008914714	2.38	4.42
GNAL	0.112541537	2.38	4.42
GNAO1	0.201045204	2.38	4.42
GNAQ	-0.041496829	2.38	4.42
GNAS	0.147555429	2.38	4.42
GNAZ	0.006541166	2.38	4.42
GNA12	0.209830681	2.39	3.49
GNA13	0.190800145	2.39	3.49
GNA14	-0.156562734	2.39	3.49
GNA15	0.065327724	2.39	3.49
GNAI1	0.263651682	2.39	3.49
GNAI3	0.267024049	2.39	3.49
GNAL	0.130183157	2.39	3.49
GNAO1	0.807704697	2.39	3.49
GNAQ	-0.149225625	2.39	3.49
GNAS	0.195221528	2.39	3.49
GNAZ	0.319198358	2.39	3.49
GNA12	0.260643239	2.41	4.42
GNA13	0.360726449	2.41	4.42
GNA14	-0.144415817	2.41	4.42
GNA15	0.314863918	2.41	4.42
GNAI1	-0.318203922	2.41	4.42
GNAI3	-0.39031248	2.41	4.42
GNAL	0.130183157	2.41	4.42
GNAO1	0.292940157	2.41	4.42
GNAQ	-0.061097218	2.41	4.42
GNAS	0.199165593	2.41	4.42
GNAZ	-0.048316529	2.41	4.42
GNA12	0.112314145	2.42	3.46
GNA13	0.024464546	2.42	3.46
GNA14	0.201970546	2.42	3.46
GNA15	0.106818738	2.42	3.46
GNAI1	0.15958231	2.42	3.46
GNAI3	0.134557098	2.42	3.46
GNAL	-0.085148067	2.42	3.46
GNAO1	0.135707297	2.42	3.46
GNAQ	0.217958863	2.42	3.46
GNAS	-0.085148067	2.42	3.46
GNAZ	0.045770639	2.42	3.46
GNA12	0.372562644	2.42	3.49
GNA13	0.347826011	2.42	3.49
GNA14	-0.115243589	2.42	3.49
GNA15	0.39795994	2.42	3.49
GNAI1	-0.152770624	2.42	3.49
GNAI3	-0.11961299	2.42	3.49
GNAL	-0.045218998	2.42	3.49
GNAO1	0.384184597	2.42	3.49
GNAQ	-0.081600711	2.42	3.49
GNAS	0.016302022	2.42	3.49
GNAZ	0.062287502	2.42	3.49
GNA12	0.082039051	2.42	4.42
GNA13	-0.082353893	2.42	4.42
GNA14	-0.081866143	2.42	4.42
GNA15	0.006991762	2.42	4.42
GNAI1	-0.014341562	2.42	4.42
GNAI3	-0.113632748	2.42	4.42
GNAL	0.109304375	2.42	4.42
GNAO1	-0.10550473	2.42	4.42
GNAQ	0.024926206	2.42	4.42
GNAS	0.066361101	2.42	4.42
GNAZ	-0.070625521	2.42	4.42
GNA12	0.054779722	2.42	4.46
GNA13	-0.366029627	2.42	4.46
GNA14	0.206987199	2.42	4.46
GNA15	-0.091770314	2.42	4.46
GNAI1	-0.014341562	2.42	4.46
GNAI3	0.137442417	2.42	4.46
GNAL	-0.529570105	2.42	4.46
GNAO1	-0.564748809	2.42	4.46
GNAQ	-0.092211513	2.42	4.46
GNAS	-0.529570105	2.42	4.46
GNAZ	-0.590915049	2.42	4.46
GNA12	0.161923327	2.43	3.46
GNA13	-0.098834085	2.43	3.46
GNA14	0.203091513	2.43	3.46
GNA15	0.042932403	2.43	3.46
GNAI1	0.408507095	2.43	3.46
GNAI3	0.500937619	2.43	3.46
GNAL	-0.833924632	2.43	3.46
GNAO1	-0.467295595	2.43	3.46
GNAQ	-0.373310387	2.43	3.46
GNAS	-0.658522476	2.43	3.46
GNAZ	-0.72870074	2.43	3.46
GNA12	0.057521018	2.45	3.42
GNA13	-0.017421973	2.45	3.42
GNA14	0.040713687	2.45	3.42
GNA15	-0.05330282	2.45	3.42
GNAI1	0.177143976	2.45	3.42
GNAI3	0.102173846	2.45	3.42
GNAL	-0.035013892	2.45	3.42
GNAO1	0.21947983	2.45	3.42
GNAQ	0.0117707	2.45	3.42
GNAS	-0.035013892	2.45	3.42
GNAZ	0.086335641	2.45	3.42
GNA12	0.264682526	2.45	4.5
GNA13	0.177447705	2.45	4.5
GNA14	0.129591162	2.45	4.5
GNA15	-0.094574616	2.45	4.5
GNAI1	0.292290181	2.45	4.5
GNAI3	0.293614134	2.45	4.5
GNAL	0.130183157	2.45	4.5
GNAO1	0.394541543	2.45	4.5
GNAQ	0.13672692	2.45	4.5
GNAS	0.079603199	2.45	4.5
GNAZ	0.19084502	2.45	4.5
GNA12	-0.857599035	2.46	3.46
GNA13	-0.807269084	2.46	3.46
GNA14	-0.29522954	2.46	3.46
GNA15	-1	2.46	3.46
GNAI1	0.284590766	2.46	3.46
GNAI3	0.286465431	2.46	3.46
GNAL	-0.331180062	2.46	3.46
GNAO1	-0.061700341	2.46	3.46
GNAQ	-0.204087741	2.46	3.46
GNAS	-0.331180062	2.46	3.46
GNAZ	0.158247733	2.46	3.46
GNA12	0.332569896	2.49	3.35
GNA13	0.275287177	2.49	3.35
GNA14	-0.085604586	2.49	3.35
GNA15	0.396647137	2.49	3.35
GNAI1	0.226803983	2.49	3.35
GNAI3	0.23281194	2.49	3.35
GNAL	-0.161033628	2.49	3.35
GNAO1	0.673906002	2.49	3.35
GNAQ	0.068144697	2.49	3.35
GNAS	-0.069956096	2.49	3.35
GNAZ	-0.009716272	2.49	3.35
GNA12	0.233298388	2.49	3.38
GNA13	0.220134686	2.49	3.38
GNA14	0.009125133	2.49	3.38
GNA15	0.135835011	2.49	3.38
GNAI1	-0.054023789	2.49	3.38
GNAI3	-0.065295697	2.49	3.38
GNAL	0.104612155	2.49	3.38
GNAO1	0.138547597	2.49	3.38
GNAQ	0.060948278	2.49	3.38
GNAS	0.104612155	2.49	3.38
GNAZ	0.00455293	2.49	3.38
GNA12	0.238670417	2.49	3.39
GNA13	0.240383303	2.49	3.39
GNA14	-0.102599184	2.49	3.39
GNA15	0.24236766	2.49	3.39
GNAI1	0.109242558	2.49	3.39
GNAI3	0.123659283	2.49	3.39
GNAL	-0.1714728	2.49	3.39
GNAO1	0.284004629	2.49	3.39
GNAQ	-0.21022787	2.49	3.39
GNAS	-0.131543731	2.49	3.39
GNAZ	0.000648718	2.49	3.39
GNA12	0.35513685	2.49	3.42
GNA13	0.197550183	2.49	3.42
GNA14	0.270458871	2.49	3.42
GNA15	0.162026823	2.49	3.42
GNAI1	0.163839225	2.49	3.42
GNAI3	0.286465431	2.49	3.42
GNAL	-0.331180062	2.49	3.42
GNAO1	0.21947983	2.49	3.42
GNAQ	-0.204087741	2.49	3.42
GNAS	-0.331180062	2.49	3.42
GNAZ	-0.191517845	2.49	3.42
GNA12	-0.252138535	2.5	3.39
GNA13	-0.313320548	2.5	3.39
GNA14	-0.211912383	2.5	3.39
GNA15	-0.157804445	2.5	3.39
GNAI1	-0.026389278	2.5	3.39
GNAI3	-0.058924967	2.5	3.39
GNAL	-0.104599168	2.5	3.39
GNAO1	0.008078763	2.5	3.39
GNAQ	-0.077127865	2.5	3.39
GNAS	-0.153026124	2.5	3.39
GNAZ	0.087996351	2.5	3.39
GNA12	0.161923327	2.5	7.46
GNA13	0.065312444	2.5	7.46
GNA14	0.240214963	2.5	7.46
GNA15	0.191184414	2.5	7.46
GNAI1	0.0128092	2.5	7.46
GNAI3	0.273770007	2.5	7.46
GNAL	0.214507781	2.5	7.46
GNAO1	0.028396096	2.5	7.46
GNAQ	-0.041496829	2.5	7.46
GNAS	0.130183157	2.5	7.46
GNAZ	0.12566633	2.5	7.46
GNA12	0.106025918	2.52	3.35
GNA13	-0.008388557	2.52	3.35
GNA14	0.109565041	2.52	3.35
GNA15	0.055294019	2.52	3.35
GNAI1	-0.107373928	2.52	3.35
GNAI3	-0.077463365	2.52	3.35
GNAL	0.235291221	2.52	3.35
GNAO1	0.018750539	2.52	3.35
GNAQ	0.146740784	2.52	3.35
GNAS	0.201322678	2.52	3.35
GNAZ	-0.048316529	2.52	3.35
GNA12	-0.079197549	2.53	3.35
GNA13	-0.124599899	2.53	3.35
GNA14	-0.144415817	2.53	3.35
GNA15	-0.127455513	2.53	3.35
GNAI1	-0.044051079	2.53	3.35
GNAI3	-0.235309224	2.53	3.35
GNAL	-0.135638236	2.53	3.35
GNAO1	-0.276211861	2.53	3.35
GNAQ	-0.032869661	2.53	3.35
GNAS	-0.135638236	2.53	3.35
GNAZ	-0.332346857	2.53	3.35
GNA12	0.194796188	2.53	7.46
GNA13	0.004819267	2.53	7.46
GNA14	0.312867341	2.53	7.46
GNA15	0.027324106	2.53	7.46
GNAI1	0.382195627	2.53	7.46
GNAI3	0.489203545	2.53	7.46
GNAL	0.174810905	2.53	7.46
GNAO1	0.266754093	2.53	7.46
GNAQ	0.29775674	2.53	7.46
GNAS	-0.015273541	2.53	7.46
GNAZ	0.460753993	2.53	7.46
GNA12	-0.20839902	2.551	3.35
GNA13	-0.328692774	2.551	3.35
GNA14	-0.234794628	2.551	3.35
GNA15	-0.179326295	2.551	3.35
GNAI1	-0.06546426	2.551	3.35
GNAI3	-0.161098813	2.551	3.35
GNAL	0.045858534	2.551	3.35
GNAO1	-0.003792332	2.551	3.35
GNAQ	0.044885424	2.551	3.35
GNAS	0.045858534	2.551	3.35
GNAZ	-0.138417443	2.551	3.35
GNA12	0.348951209	2.56	3.28
GNA13	0.360726449	2.56	3.28
GNA14	0.309648577	2.56	3.28
GNA15	0.112165365	2.56	3.28
GNAI1	0.029647427	2.56	3.28
GNAI3	0.149176491	2.56	3.28
GNAL	-0.021757101	2.56	3.28
GNAO1	0.500660001	2.56	3.28
GNAQ	0.100588542	2.56	3.28
GNAS	0.130183157	2.56	3.28
GNAZ	0.025391248	2.56	3.28
GNA12	0.234851957	2.56	3.35
GNA13	0.014011565	2.56	3.35
GNA14	0.084131257	2.56	3.35
GNA15	0.179389002	2.56	3.35
GNAI1	0.348351493	2.56	3.35
GNAI3	0.345665571	2.56	3.35
GNAL	0.077249813	2.56	3.35
GNAO1	0.351406889	2.56	3.35
GNAQ	0.093616474	2.56	3.35
GNAS	0.021733354	2.56	3.35
GNAZ	0.107104047	2.56	3.35
GNA12	0.202816828	2.59	3.24
GNA13	0.156633575	2.59	3.24
GNA14	0.123406187	2.59	3.24
GNA15	0.393882968	2.59	3.24
GNAI1	0.072964802	2.59	3.24
GNAI3	0.244979608	2.59	3.24
GNAL	-0.123723345	2.59	3.24
GNAO1	0.15903933	2.59	3.24
GNAQ	-0.078300656	2.59	3.24
GNAS	-0.197159256	2.59	3.24
GNAZ	-0.176414472	2.59	3.24
GNA12	0.410238673	2.59	3.28
GNA13	0.423457997	2.59	3.28
GNA14	0.233104021	2.59	3.28
GNA15	0.360615875	2.59	3.28
GNAI1	0.022111611	2.59	3.28
GNAI3	-0.013893181	2.59	3.28
GNAL	0.168758435	2.59	3.28
GNAO1	0.177961006	2.59	3.28
GNAQ	0.165092182	2.59	3.28
GNAS	0.206068719	2.59	3.28
GNAZ	-0.00709882	2.59	3.28
GNA12	0.122318298	2.6	3.28
GNA13	0.135703007	2.6	3.28
GNA14	0.112412694	2.6	3.28
GNA15	0.173822235	2.6	3.28
GNAI1	0.09273654	2.6	3.28
GNAI3	0.108333885	2.6	3.28
GNAL	0.039105625	2.6	3.28
GNAO1	0.463647287	2.6	3.28
GNAQ	-0.041496829	2.6	3.28
GNAS	0.039105625	2.6	3.28
GNAZ	0.204132649	2.6	3.28
GNA12	0.218962372	2.6	3.29
GNA13	0.151313758	2.6	3.29
GNA14	-0.141519181	2.6	3.29
GNA15	0.13995148	2.6	3.29
GNAI1	-0.004368852	2.6	3.29
GNAI3	-0.028451805	2.6	3.29
GNAL	-0.024048867	2.6	3.29
GNAO1	0.252868797	2.6	3.29
GNAQ	-0.089065033	2.6	3.29
GNAS	0.012076761	2.6	3.29
GNAZ	0.034423278	2.6	3.29
GNA12	0.050003922	2.6	3.32
GNA13	-0.037426739	2.6	3.32
GNA14	-0.144415817	2.6	3.32
GNA15	0.112165365	2.6	3.32
GNAI1	-0.318203922	2.6	3.32
GNAI3	-0.053561622	2.6	3.32
GNAL	0.264203963	2.6	3.32
GNAO1	0.181884215	2.6	3.32
GNAQ	0.100588542	2.6	3.32
GNAS	0.264203963	2.6	3.32
GNAZ	-0.048316529	2.6	3.32
GNA12	0.357727734	2.62	ECL1.51
GNA13	0.396816524	2.62	ECL1.51
GNA14	0.145769415	2.62	ECL1.51
GNA15	0.514911267	2.62	ECL1.51
GNAI1	0.218495828	2.62	ECL1.51
GNAI3	0.225098039	2.62	ECL1.51
GNAL	0.003623766	2.62	ECL1.51
GNAO1	0.458406292	2.62	ECL1.51
GNAQ	-0.074661922	2.62	ECL1.51
GNAS	0.068662137	2.62	ECL1.51
GNAZ	0.183969567	2.62	ECL1.51
GNA12	0.300285005	2.62	ECL1.52
GNA13	0.373058671	2.62	ECL1.52
GNA14	0.097652471	2.62	ECL1.52
GNA15	0.32244577	2.62	ECL1.52
GNAI1	0.057490957	2.62	ECL1.52
GNAI3	0.075609298	2.62	ECL1.52
GNAL	0.100626646	2.62	ECL1.52
GNAO1	0.480168268	2.62	ECL1.52
GNAQ	-0.041496829	2.62	ECL1.52
GNAS	0.158991322	2.62	ECL1.52
GNAZ	0.098343698	2.62	ECL1.52
GNA12	0.209830681	2.63	3.29
GNA13	0.357556165	2.63	3.29
GNA14	-0.362596898	2.63	3.29
GNA15	0.268026278	2.63	3.29
GNAI1	-0.253637048	2.63	3.29
GNAI3	-0.320801973	2.63	3.29
GNAL	0.195221528	2.63	3.29
GNAO1	0.254331139	2.63	3.29
GNAQ	-0.149225625	2.63	3.29
GNAS	0.195221528	2.63	3.29
GNAZ	0.086912262	2.63	3.29
GNA12	-0.82596696	2.63	ECL1.5
GNA13	-0.568657928	2.63	ECL1.5
GNA14	-0.097517156	2.63	ECL1.5
GNA15	-0.122071627	2.63	ECL1.5
GNAI1	0.391668868	2.63	ECL1.5
GNAI3	0.273770007	2.63	ECL1.5
GNAL	-0.422257594	2.63	ECL1.5
GNAO1	0.309576268	2.63	ECL1.5
GNAQ	-0.149225625	2.63	ECL1.5
GNAS	-0.422257594	2.63	ECL1.5
GNAZ	-0.14563293	2.63	ECL1.5
GNA12	-0.548239807	2.66	3.21
GNA13	-0.46968298	2.66	3.21
GNA14	-0.115243589	2.66	3.21
GNA15	-0.270323638	2.66	3.21
GNAI1	0.181407287	2.66	3.21
GNAI3	0.190662315	2.66	3.21
GNAL	-0.415504686	2.66	3.21
GNAO1	0.21947983	2.66	3.21
GNAQ	-0.456400059	2.66	3.21
GNAS	-0.331180062	2.66	3.21
GNAZ	-0.107635901	2.66	3.21
GNA12	0.006527521	2.66	ECL1.51
GNA13	-0.094155682	2.66	ECL1.51
GNA14	0.067774433	2.66	ECL1.51
GNA15	0.137881594	2.66	ECL1.51
GNAI1	0.144797321	2.66	ECL1.51
GNAI3	0.156670935	2.66	ECL1.51
GNAL	-0.123723345	2.66	ECL1.51
GNAO1	0.087344085	2.66	ECL1.51
GNAQ	-0.127031706	2.66	ECL1.51
GNAS	-0.080780071	2.66	ECL1.51
GNAZ	0.041784386	2.66	ECL1.51
GNA12	0.185534762	2.66	ECL1.52
GNA13	0.223315997	2.66	ECL1.52
GNA14	-0.416293358	2.66	ECL1.52
GNA15	0.245630957	2.66	ECL1.52
GNAI1	-0.224603143	2.66	ECL1.52
GNAI3	-0.086888403	2.66	ECL1.52
GNAL	0.22375874	2.66	ECL1.52
GNAO1	0.185129997	2.66	ECL1.52
GNAQ	-0.108274368	2.66	ECL1.52
GNAS	0.282123416	2.66	ECL1.52
GNAZ	-0.014066208	2.66	ECL1.52
GNA12	-0.052587361	3.25	3.46
GNA13	0.144403438	3.25	3.46
GNA14	-0.085604586	3.25	3.46
GNA15	0.055294019	3.25	3.46
GNAI1	-0.228125469	3.25	3.46
GNAI3	-0.306677031	3.25	3.46
GNAL	0.361850612	3.25	3.46
GNAO1	-0.391502809	3.25	3.46
GNAQ	-0.014944976	3.25	3.46
GNAS	0.361850612	3.25	3.46
GNAZ	-0.465270802	3.25	3.46
GNA12	0.106025918	3.25	ECL2.5
GNA13	-0.050936969	3.25	ECL2.5
GNA14	-0.362596898	3.25	ECL2.5
GNA15	0.055294019	3.25	ECL2.5
GNAI1	0.11972588	3.25	ECL2.5
GNAI3	0.082239796	3.25	ECL2.5
GNAL	-0.312973887	3.25	ECL2.5
GNAO1	0.018750539	3.25	ECL2.5
GNAQ	-0.461927342	3.25	ECL2.5
GNAS	-0.312973887	3.25	ECL2.5
GNAZ	-0.048316529	3.25	ECL2.5
GNA12	0.273842732	3.3	4.61
GNA13	0.368380267	3.3	4.61
GNA14	-0.234794628	3.3	4.61
GNA15	0.288964807	3.3	4.61
GNAI1	-0.197452381	3.3	4.61
GNAI3	-0.567177234	3.3	4.61
GNAL	0.208687504	3.3	4.61
GNAO1	0.261733539	3.3	4.61
GNAQ	-0.149225625	3.3	4.61
GNAS	0.282123416	3.3	4.61
GNAZ	-0.138417443	3.3	4.61
GNA12	0.188533515	3.3	4.62
GNA13	-0.008388557	3.3	4.62
GNA14	0.286117444	3.3	4.62
GNA15	0.136693916	3.3	4.62
GNAI1	0.42954971	3.3	4.62
GNAI3	0.510362658	3.3	4.62
GNAL	-0.260040542	3.3	4.62
GNAO1	0.018750539	3.3	4.62
GNAQ	-0.014944976	3.3	4.62
GNAS	-0.161033628	3.3	4.62
GNAZ	-0.359481851	3.3	4.62
GNA12	0.075439407	3.33	4.57
GNA13	0.083072729	3.33	4.57
GNA14	-0.061547129	3.33	4.57
GNA15	0.065327724	3.33	4.57
GNAI1	0.446762501	3.33	4.57
GNAI3	0.491354868	3.33	4.57
GNAL	-0.331180062	3.33	4.57
GNAO1	0.421341335	3.33	4.57
GNAQ	-0.066135953	3.33	4.57
GNAS	-0.331180062	3.33	4.57
GNAZ	-0.024707904	3.33	4.57
GNA12	0.218449271	3.33	4.61
GNA13	0.035038374	3.33	4.61
GNA14	0.254519267	3.33	4.61
GNA15	0.143847527	3.33	4.61
GNAI1	0.483636806	3.33	4.61
GNAI3	0.534754456	3.33	4.61
GNAL	-0.13703182	3.33	4.61
GNAO1	0.163306127	3.33	4.61
GNAQ	0.181897843	3.33	4.61
GNAS	-0.07199345	3.33	4.61
GNAZ	-0.333835903	3.33	4.61
GNA12	0.193958456	3.34	4.54
GNA13	0.218104439	3.34	4.54
GNA14	-0.073614912	3.34	4.54
GNA15	0.14169448	3.34	4.54
GNAI1	0.181407287	3.34	4.54
GNAI3	0.109600677	3.34	4.54
GNAL	0.053787916	3.34	4.54
GNAO1	0.295756997	3.34	4.54
GNAQ	-0.206995089	3.34	4.54
GNAS	0.053787916	3.34	4.54
GNAZ	0.028174476	3.34	4.54
GNA12	0.224036962	3.37	4.53
GNA13	0.232068464	3.37	4.53
GNA14	-0.225319425	3.37	4.53
GNA15	0.100187071	3.37	4.53
GNAI1	0.144797321	3.37	4.53
GNAI3	-0.094404229	3.37	4.53
GNAL	0.293012128	3.37	4.53
GNAO1	0.309576268	3.37	4.53
GNAQ	0.058796282	3.37	4.53
GNAS	0.130183157	3.37	4.53
GNAZ	0.347333966	3.37	4.53
GNA12	0.199741043	3.37	4.57
GNA13	0.201061227	3.37	4.57
GNA14	-0.122381934	3.37	4.57
GNA15	0.137881594	3.37	4.57
GNAI1	0.195920019	3.37	4.57
GNAI3	0.250762915	3.37	4.57
GNAL	-0.263227832	3.37	4.57
GNAO1	0.201045204	3.37	4.57
GNAQ	-0.217915893	3.37	4.57
GNAS	-0.214800877	3.37	4.57
GNAZ	-0.105766868	3.37	4.57
GNA12	0.230851231	3.37	5.461
GNA13	0.278764847	3.37	5.461
GNA14	-0.024864778	3.37	5.461
GNA15	-0.038467494	3.37	5.461
GNAI1	0.274439653	3.37	5.461
GNAI3	0.190662315	3.37	5.461
GNAL	-0.123723345	3.37	5.461
GNAO1	0.185129997	3.37	5.461
GNAQ	-0.108274368	3.37	5.461
GNAS	-0.123723345	3.37	5.461
GNAZ	-0.014066208	3.37	5.461
GNA12	0.148069284	3.38	4.5
GNA13	0.006483737	3.38	4.5
GNA14	0.044670395	3.38	4.5
GNA15	0.109628139	3.38	4.5
GNAI1	-0.181990583	3.38	4.5
GNAI3	-0.090089248	3.38	4.5
GNAL	0.07279982	3.38	4.5
GNAO1	-0.071504347	3.38	4.5
GNAQ	0.008692513	3.38	4.5
GNAS	0.032870751	3.38	4.5
GNAZ	0.010053366	3.38	4.5
GNA12	0.098235701	3.38	4.53
GNA13	0.160561824	3.38	4.53
GNA14	-0.070605329	3.38	4.53
GNA15	0.061549797	3.38	4.53
GNAI1	0.002906108	3.38	4.53
GNAI3	0.024928717	3.38	4.53
GNAL	-0.049853879	3.38	4.53
GNAO1	0.145564569	3.38	4.53
GNAQ	-0.149225625	3.38	4.53
GNAS	-0.049853879	3.38	4.53
GNAZ	0.009589937	3.38	4.53
GNA12	0.193555403	3.41	4.52
GNA13	0.109937193	3.41	4.52
GNA14	-0.097517156	3.41	4.52
GNA15	0.232955909	3.41	4.52
GNAI1	-0.125619862	3.41	4.52
GNAI3	-0.229525917	3.41	4.52
GNAL	0.039105625	3.41	4.52
GNAO1	0.101856423	3.41	4.52
GNAQ	0.058796282	3.41	4.52
GNAS	0.039105625	3.41	4.52
GNAZ	-0.197377163	3.41	4.52
GNA12	0.224036962	3.41	4.53
GNA13	0.152485604	3.41	4.53
GNA14	0.022033883	3.41	4.53
GNA15	0.191184414	3.41	4.53
GNAI1	-0.173305572	3.41	4.53
GNAI3	-0.183710929	3.41	4.53
GNAL	0.130183157	3.41	4.53
GNAO1	0.125849311	3.41	4.53
GNAQ	0.026128086	3.41	4.53
GNAS	0.130183157	3.41	4.53
GNAZ	0.070392905	3.41	4.53
GNA12	0.287253427	3.41	4.56
GNA13	0.275287177	3.41	4.56
GNA14	0.109565041	3.41	4.56
GNA15	0.277552717	3.41	4.56
GNAI1	-0.354245474	3.41	4.56
GNAI3	-0.429224493	3.41	4.56
GNAL	0.166308785	3.41	4.56
GNAO1	-0.110322638	3.41	4.56
GNAQ	0.221304488	3.41	4.56
GNAS	0.166308785	3.41	4.56
GNAZ	-0.009716272	3.41	4.56
GNA12	0.304324292	3.41	5.461
GNA13	0.270759317	3.41	5.461
GNA14	-0.432507012	3.41	5.461
GNA15	-0.032134799	3.41	5.461
GNAI1	0.037719219	3.41	5.461
GNAI3	0.174350836	3.41	5.461
GNAL	-0.465200868	3.41	5.461
GNAO1	-0.380476127	3.41	5.461
GNAQ	-0.44692984	3.41	5.461
GNAS	-0.331180062	3.41	5.461
GNAZ	-0.297306796	3.41	5.461
GNA12	0.330115573	3.42	3.5
GNA13	0.252999033	3.42	3.5
GNA14	0.091467497	3.42	3.5
GNA15	0.281121243	3.42	3.5
GNAI1	-0.304530483	3.42	3.5
GNAI3	-0.363836927	3.42	3.5
GNAL	-0.07727356	3.42	3.5
GNAO1	0.011759986	3.42	3.5
GNAQ	0.003934166	3.42	3.5
GNAS	-0.07727356	3.42	3.5
GNAZ	-0.191517845	3.42	3.5
GNA12	0.236712448	3.42	4.46
GNA13	0.131175146	3.42	4.46
GNA14	-0.109079197	3.42	4.46
GNA15	0.192328137	3.42	4.46
GNAI1	-0.110528162	3.42	4.46
GNAI3	-0.080391987	3.42	4.46
GNAL	-0.050287433	3.42	4.46
GNAO1	-0.085693229	3.42	4.46
GNAQ	-0.092211513	3.42	4.46
GNAS	0.018695003	3.42	4.46
GNAZ	-0.24114947	3.42	4.46
GNA12	0.318554693	3.42	4.49
GNA13	0.266896055	3.42	4.49
GNA14	0.105754827	3.42	4.49
GNA15	0.297575745	3.42	4.49
GNAI1	0.062345078	3.42	4.49
GNAI3	0.035841306	3.42	4.49
GNAL	0.176009285	3.42	4.49
GNAO1	0.186551415	3.42	4.49
GNAQ	0.155101259	3.42	4.49
GNAS	0.205565796	3.42	4.49
GNAZ	-0.099336852	3.42	4.49
GNA12	0.216016322	3.42	4.5
GNA13	0.131175146	3.42	4.5
GNA14	-0.109079197	3.42	4.5
GNA15	0.162026823	3.42	4.5
GNAI1	-0.062027272	3.42	4.5
GNAI3	-0.0353602	3.42	4.5
GNAL	0.018695003	3.42	4.5
GNAO1	0.122026616	3.42	4.5
GNAQ	-0.092211513	3.42	4.5
GNAS	0.018695003	3.42	4.5
GNAZ	-0.032212903	3.42	4.5
GNA12	-0.388556777	3.43	3.49
GNA13	-0.295429984	3.43	3.49
GNA14	0.365474476	3.43	3.49
GNA15	-0.032134799	3.43	3.49
GNAI1	-0.37822899	3.43	3.49
GNAI3	-0.328945088	3.43	3.49
GNAL	0.519046592	3.43	3.49
GNAO1	-0.061700341	3.43	3.49
GNAQ	0.347566273	3.43	3.49
GNAS	0.519046592	3.43	3.49
GNAZ	0.079781415	3.43	3.49
GNA12	-0.200881924	3.44	4.49
GNA13	-0.461480002	3.44	4.49
GNA14	0.040713687	3.44	4.49
GNA15	-0.275561519	3.44	4.49
GNAI1	0.461104063	3.44	4.49
GNAI3	0.450353335	3.44	4.49
GNAL	-0.975659784	3.44	4.49
GNAO1	-0.053648825	3.44	4.49
GNAQ	-0.189054789	3.44	4.49
GNAS	-0.975659784	3.44	4.49
GNAZ	-0.081628365	3.44	4.49
GNA12	-0.04716242	3.45	4.45
GNA13	0.077114233	3.45	4.45
GNA14	0.194207092	3.45	4.45
GNA15	0.042932403	3.45	4.45
GNAI1	0.049419165	3.45	4.45
GNAI3	0.150443284	3.45	4.45
GNAL	0.021733354	3.45	4.45
GNAO1	0.156653251	3.45	4.45
GNAQ	0.201345271	3.45	4.45
GNAS	0.053787916	3.45	4.45
GNAZ	0.028174476	3.45	4.45
GNA12	0.12466606	3.45	4.46
GNA13	0.177447705	3.45	4.46
GNA14	0.001788893	3.45	4.46
GNA15	0.091743441	3.45	4.46
GNAI1	-1	3.45	4.46
GNAI3	-0.52927305	3.45	4.46
GNAL	0.269687645	3.45	4.46
GNAO1	-0.573414054	3.45	4.46
GNAQ	0.13672692	3.45	4.46
GNAS	0.432516615	3.45	4.46
GNAZ	-0.218239931	3.45	4.46
GNA12	0.125317051	3.45	4.49
GNA13	0.105085054	3.45	4.49
GNA14	0.047584608	3.45	4.49
GNA15	0.100187071	3.45	4.49
GNAI1	0.02778144	3.45	4.49
GNAI3	0.0201484	3.45	4.49
GNAL	0.059984408	3.45	4.49
GNAO1	0.061324511	3.45	4.49
GNAQ	0.04798825	3.45	4.49
GNAS	0.059984408	3.45	4.49
GNAZ	-0.037969181	3.45	4.49
GNA12	-0.249292521	3.46	3.53
GNA13	-0.347551708	3.46	3.53
GNA14	-0.252521062	3.46	3.53
GNA15	-0.143385654	3.46	3.53
GNAI1	-0.255954102	3.46	3.53
GNAI3	-0.289626516	3.46	3.53
GNAL	0.007714346	3.46	3.53
GNAO1	0.016184959	3.46	3.53
GNAQ	-0.119857485	3.46	3.53
GNAS	-0.045218998	3.46	3.53
GNAZ	-0.073385581	3.46	3.53
GNA12	0.104096917	3.47	5.58
GNA13	0.305277599	3.47	5.58
GNA14	0.075289244	3.47	5.58
GNA15	0.080626926	3.47	5.58
GNAI1	0.212758246	3.47	5.58
GNAI3	0.008914714	3.47	5.58
GNAL	-0.123723345	3.47	5.58
GNAO1	0.335955235	3.47	5.58
GNAQ	0.115810394	3.47	5.58
GNAS	-0.222730259	3.47	5.58
GNAZ	0.239086357	3.47	5.58
GNA12	0.161923327	3.48	5.57
GNA13	0.042156121	3.48	5.57
GNA14	0.111493618	3.48	5.57
GNA15	-0.127455513	3.48	5.57
GNAI1	0.435657857	3.48	5.57
GNAI3	0.306965888	3.48	5.57
GNAL	-0.135638236	3.48	5.57
GNAO1	0.364207307	3.48	5.57
GNAQ	0.021992455	3.48	5.57
GNAS	-0.07727356	3.48	5.57
GNAZ	0.181765023	3.48	5.57
GNA12	0.357727734	3.49	4.39
GNA13	0.352191775	3.49	4.39
GNA14	-0.091028889	3.49	4.39
GNA15	0.342514027	3.49	4.39
GNAI1	-0.247670205	3.49	4.39
GNAI3	-0.303527843	3.49	4.39
GNAL	0.130183157	3.49	4.39
GNAO1	-0.117313191	3.49	4.39
GNAQ	0.128506313	3.49	4.39
GNAS	0.130183157	3.49	4.39
GNAZ	-0.114051778	3.49	4.39
GNA12	0.344408377	3.49	4.41
GNA13	0.329669069	3.49	4.41
GNA14	-0.127802269	3.49	4.41
GNA15	0.3631175	3.49	4.41
GNAI1	-0.072443926	3.49	4.41
GNAI3	-0.332694975	3.49	4.41
GNAL	0.21889261	3.49	4.41
GNAO1	0.435251191	3.49	4.41
GNAQ	0.035029973	3.49	4.41
GNAS	0.27440907	3.49	4.41
GNAZ	-0.015893115	3.49	4.41
GNA12	0.126553079	3.49	4.42
GNA13	0.093594425	3.49	4.42
GNA14	0.084131257	3.49	4.42
GNA15	0.095383422	3.49	4.42
GNAI1	0.020614522	3.49	4.42
GNAI3	0.014351858	3.49	4.42
GNAL	-0.042088703	3.49	4.42
GNAO1	0.077217271	3.49	4.42
GNAQ	-0.022739491	3.49	4.42
GNAS	-0.020414491	3.49	4.42
GNAZ	0.020060056	3.49	4.42
GNA12	0.264682526	3.49	4.43
GNA13	0.548296599	3.49	4.43
GNA14	-0.283759546	3.49	4.43
GNA15	0.440940124	3.49	4.43
GNAI1	-0.410878751	3.49	4.43
GNAI3	-0.711020651	3.49	4.43
GNAL	0.178610113	3.49	4.43
GNAO1	0.465808693	3.49	4.43
GNAQ	-0.087357841	3.49	4.43
GNAS	0.269687645	3.49	4.43
GNAZ	0.100744106	3.49	4.43
GNA12	0.395910965	3.49	4.45
GNA13	0.379678429	3.49	4.45
GNA14	0.006268697	3.49	4.45
GNA15	0.377710295	3.49	4.45
GNAI1	-0.149766671	3.49	4.45
GNAI3	-0.176024039	3.49	4.45
GNAL	0.257757138	3.49	4.45
GNAO1	0.432252105	3.49	4.45
GNAQ	0.218838544	3.49	4.45
GNAS	0.257757138	3.49	4.45
GNAZ	0.124291762	3.49	4.45
GNA12	0.420690129	3.49	4.46
GNA13	0.432261009	3.49	4.46
GNA14	-0.038049163	3.49	4.46
GNA15	0.3506896	3.49	4.46
GNAI1	-0.384590501	3.49	4.46
GNAI3	-0.41591322	3.49	4.46
GNAL	0.154139026	3.49	4.46
GNAO1	0.343200376	3.49	4.46
GNAQ	0.052597238	3.49	4.46
GNAS	0.154139026	3.49	4.46
GNAZ	0.120481649	3.49	4.46
GNA12	-0.098033184	3.49	ICL2.53
GNA13	0.021601865	3.49	ICL2.53
GNA14	0.123406187	3.49	ICL2.53
GNA15	-0.010370417	3.49	ICL2.53
GNAI1	-0.39320123	3.49	ICL2.53
GNAI3	-0.406326483	3.49	ICL2.53
GNAL	0.337639875	3.49	ICL2.53
GNAO1	-0.239764249	3.49	ICL2.53
GNAQ	0.115810394	3.49	ICL2.53
GNAS	0.305585313	3.49	ICL2.53
GNAZ	0.03014979	3.49	ICL2.53
GNA12	0.204914828	3.49	ICL2.57
GNA13	-0.018657119	3.49	ICL2.57
GNA14	-0.148030254	3.49	ICL2.57
GNA15	0.120255328	3.49	ICL2.57
GNAI1	-0.051921356	3.49	ICL2.57
GNAI3	-0.025977126	3.49	ICL2.57
GNAL	-0.272815387	3.49	ICL2.57
GNAO1	0.155815464	3.49	ICL2.57
GNAQ	-0.339697941	3.49	ICL2.57
GNAS	-0.272815387	3.49	ICL2.57
GNAZ	-0.114051778	3.49	ICL2.57
GNA12	0.153053927	3.51	5.6
GNA13	0.192723649	3.51	5.6
GNA14	0.007351654	3.51	5.6
GNA15	0.066952508	3.51	5.6
GNAI1	0.131189463	3.51	5.6
GNAI3	0.144036401	3.51	5.6
GNAL	-0.094166833	3.51	5.6
GNAO1	0.129866598	3.51	5.6
GNAQ	-0.045875367	3.51	5.6
GNAS	-0.094166833	3.51	5.6
GNAZ	0.014046165	3.51	5.6
GNA12	0.212735885	3.52	3.56
GNA13	0.305277599	3.52	3.56
GNA14	0.141132621	3.52	3.56
GNA15	0.314863918	3.52	3.56
GNAI1	0.029647427	3.52	3.56
GNAI3	-0.053561622	3.52	3.56
GNAL	-0.021757101	3.52	3.56
GNAO1	-0.057042247	3.52	3.56
GNAQ	-0.149225625	3.52	3.56
GNAS	-0.021757101	3.52	3.56
GNAZ	-0.048316529	3.52	3.56
GNA12	0.25514715	3.52	ICL2.52
GNA13	0.249828749	3.52	ICL2.52
GNA14	-0.061547129	3.52	ICL2.52
GNA15	0.206186525	3.52	ICL2.52
GNAI1	0.446762501	3.52	ICL2.52
GNAI3	0.177717349	3.52	ICL2.52
GNAL	-0.47359841	3.52	ICL2.52
GNAO1	0.453385739	3.52	ICL2.52
GNAQ	-0.331171972	3.52	ICL2.52
GNAS	-0.47359841	3.52	ICL2.52
GNAZ	0.149274955	3.52	ICL2.52
GNA12	0.130291252	3.52	ICL2.55
GNA13	-0.065571295	3.52	ICL2.55
GNA14	0.365474476	3.52	ICL2.55
GNA15	0.07102948	3.52	ICL2.55
GNAI1	-0.232697964	3.52	ICL2.55
GNAI3	-0.1938234	3.52	ICL2.55
GNAL	0.171564507	3.52	ICL2.55
GNAO1	-0.061700341	3.52	ICL2.55
GNAQ	0.097752105	3.52	ICL2.55
GNAS	0.171564507	3.52	ICL2.55
GNAZ	-0.00410053	3.52	ICL2.55
GNA12	0.063203416	3.52	ICL2.56
GNA13	0.101184725	3.52	ICL2.56
GNA14	0.075289244	3.52	ICL2.56
GNA15	0.080626926	3.52	ICL2.56
GNAI1	-0.054023789	3.52	ICL2.56
GNAI3	-0.027929179	3.52	ICL2.56
GNAL	-0.003837649	3.52	ICL2.56
GNAO1	0.054775064	3.52	ICL2.56
GNAQ	0.003934166	3.52	ICL2.56
GNAS	-0.003837649	3.52	ICL2.56
GNAZ	-0.021594443	3.52	ICL2.56
GNA12	0.207239797	3.52	ICL2.57
GNA13	0.252999033	3.52	ICL2.57
GNA14	-0.077048459	3.52	ICL2.57
GNA15	0.223866575	3.52	ICL2.57
GNAI1	0.194512312	3.52	ICL2.57
GNAI3	0.027145204	3.52	ICL2.57
GNAL	-0.331180062	3.52	ICL2.57
GNAO1	0.500660001	3.52	ICL2.57
GNAQ	-0.149225625	3.52	ICL2.57
GNAS	-0.331180062	3.52	ICL2.57
GNAZ	0.195660099	3.52	ICL2.57
GNA12	-0.346109706	3.53	ICL2.53
GNA13	-0.152744456	3.53	ICL2.53
GNA14	0.084131257	3.53	ICL2.53
GNA15	-0.447123081	3.53	ICL2.53
GNAI1	-0.663618413	3.53	ICL2.53
GNAI3	-1	3.53	ICL2.53
GNAL	0.404592227	3.53	ICL2.53
GNAO1	-0.540755921	3.53	ICL2.53
GNAQ	0.130420301	3.53	ICL2.53
GNAS	0.404592227	3.53	ICL2.53
GNAZ	-0.164195213	3.53	ICL2.53
GNA12	0.344408377	3.55	5.6
GNA13	0.280217787	3.55	5.6
GNA14	0.040713687	3.55	5.6
GNA15	0	3.55	5.6
GNAI1	-0.072443926	3.55	5.6
GNAI3	-0.045031787	3.55	5.6
GNAL	-0.18695415	3.55	5.6
GNAO1	0.15407102	3.55	5.6
GNAQ	-0.189054789	3.55	5.6
GNAS	-0.18695415	3.55	5.6
GNAZ	0.046469578	3.55	5.6
GNA12	0.174340599	3.55	5.64
GNA13	0.141247738	3.55	5.64
GNA14	-0.081002353	3.55	5.64
GNA15	0.249170869	3.55	5.64
GNAI1	0.058813985	3.55	5.64
GNAI3	0.076837694	3.55	5.64
GNAL	0.041932613	3.55	5.64
GNAO1	0.128698084	3.55	5.64
GNAQ	0.033996433	3.55	5.64
GNAS	0.041932613	3.55	5.64
GNAZ	0.004938961	3.55	5.64
GNA12	0.12466606	3.56	ICL2.56
GNA13	-0.289766647	3.56	ICL2.56
GNA14	-0.444939262	3.56	ICL2.56
GNA15	-0.16820978	3.56	ICL2.56
GNAI1	0.49264867	3.56	ICL2.56
GNAI3	0.357094202	3.56	ICL2.56
GNAL	-0.610095521	3.56	ICL2.56
GNAO1	0.321081216	3.56	ICL2.56
GNAQ	-0.35239386	3.56	ICL2.56
GNAS	-0.610095521	3.56	ICL2.56
GNAZ	-0.346337874	3.56	ICL2.56
GNA12	0.088994697	4.56	5.461
GNA13	-0.065571295	4.56	5.461
GNA14	-0.362596898	4.56	5.461
GNA15	-0.201090677	4.56	5.461
GNAI1	0.498017135	4.56	5.461
GNAI3	0.596740736	4.56	5.461
GNAL	-0.331180062	4.56	5.461
GNAO1	0.06540881	4.56	5.461
GNAQ	-0.27571176	4.56	5.461
GNAS	-0.331180062	4.56	5.461
GNAZ	-0.269984164	4.56	5.461
GNA12	-0.06292227	4.57	5.461
GNA13	-0.013292729	4.57	5.461
GNA14	-0.256716756	4.57	5.461
GNA15	-0.107069516	4.57	5.461
GNAI1	0.263651682	4.57	5.461
GNAI3	0.353402127	4.57	5.461
GNAL	-0.47359841	4.57	5.461
GNAO1	-0.079318666	4.57	5.461
GNAQ	-0.431465082	4.57	5.461
GNAS	-0.47359841	4.57	5.461
GNAZ	-0.471789884	4.57	5.461
GNA12	0.161923327	4.6	5.39
GNA13	0.222072453	4.6	5.39
GNA14	-0.208140957	4.6	5.39
GNA15	0.034488773	4.6	5.39
GNAI1	0.001036432	4.6	5.39
GNAI3	-0.199556363	4.6	5.39
GNAL	-0.028846605	4.6	5.39
GNAO1	0.321081216	4.6	5.39
GNAQ	-0.213843976	4.6	5.39
GNAS	0.026669855	4.6	5.39
GNAZ	0.274726965	4.6	5.39
GNA12	0.116606858	4.61	5.39
GNA13	-0.018657119	4.61	5.39
GNA14	0.218421792	4.61	5.39
GNA15	0.120255328	4.61	5.39
GNAI1	0.303195638	4.61	5.39
GNAI3	0.405071106	4.61	5.39
GNAL	-0.164365583	4.61	5.39
GNAO1	-0.117313191	4.61	5.39
GNAQ	0.230203261	4.61	5.39
GNAS	-0.113785625	4.61	5.39
GNAZ	-0.257253095	4.61	5.39
GNA12	0.185534762	4.61	5.4
GNA13	0.164287393	4.61	5.4
GNA14	0.22248853	4.61	5.4
GNA15	-0.038467494	4.61	5.4
GNAI1	0.274439653	4.61	5.4
GNAI3	0.44173748	4.61	5.4
GNAL	-0.2991255	4.61	5.4
GNAO1	0.079011538	4.61	5.4
GNAQ	0.309921443	4.61	5.4
GNAS	-0.208047968	4.61	5.4
GNAZ	-0.157267525	4.61	5.4
GNA12	-0.009725214	5.36	6.59
GNA13	0.197550183	5.36	6.59
GNA14	0.365474476	5.36	6.59
GNA15	-0.151229218	5.36	6.59
GNAI1	0.163839225	5.36	6.59
GNAI3	0.286465431	5.36	6.59
GNAL	-0.211294366	5.36	6.59
GNAO1	-0.215771361	5.36	6.59
GNAQ	-0.204087741	5.36	6.59
GNAS	-0.211294366	5.36	6.59
GNAZ	-0.541283424	5.36	6.59
GNA12	-0.127104902	5.37	6.6
GNA13	-0.255483639	5.37	6.6
GNA14	0.227306213	5.37	6.6
GNA15	-0.282490574	5.37	6.6
GNAI1	0.171538641	5.37	6.6
GNAI3	0.244979608	5.37	6.6
GNAL	-0.07727356	5.37	6.6
GNAO1	-0.369842381	5.37	6.6
GNAQ	0.074859136	5.37	6.6
GNAS	-0.07727356	5.37	6.6
GNAZ	-0.332346857	5.37	6.6
GNA12	0.114015974	5.4	6.59
GNA13	0.138521579	5.4	6.59
GNA14	0.455853287	5.4	6.59
GNA15	0.094803185	5.4	6.59
GNAI1	0.101479946	5.4	6.59
GNAI3	0.027145204	5.4	6.59
GNAL	-0.155777907	5.4	6.59
GNAO1	0.316933044	5.4	6.59
GNAQ	0.074859136	5.4	6.59
GNAS	-0.24010253	5.4	6.59
GNAZ	-0.117810069	5.4	6.59
GNA12	-0.142246098	5.41	6.6
GNA13	-0.026645169	5.41	6.6
GNA14	0.249142201	5.41	6.6
GNA15	-0.16820978	5.41	6.6
GNAI1	0.222231487	5.41	6.6
GNAI3	0.228566499	5.41	6.6
GNAL	-0.028846605	5.41	6.6
GNAO1	0.00230543	5.41	6.6
GNAQ	0.237020031	5.41	6.6
GNAS	-0.028846605	5.41	6.6
GNAZ	-0.102361246	5.41	6.6
GNA12	-0.079197549	5.43	6.55
GNA13	-0.758570272	5.43	6.55
GNA14	-0.044261795	5.43	6.55
GNA15	-0.060231875	5.43	6.55
GNAI1	0.239909008	5.43	6.55
GNAI3	0.244979608	5.43	6.55
GNAL	-0.021757101	5.43	6.55
GNAO1	-0.467295595	5.43	6.55
GNAQ	-0.343336675	5.43	6.55
GNAS	-0.021757101	5.43	6.55
GNAZ	-0.503871058	5.43	6.55
GNA12	-0.043526186	5.44	6.55
GNA13	-0.456522668	5.44	6.55
GNA14	-0.13548858	5.44	6.55
GNA15	-0.16820978	5.44	6.55
GNAI1	0.618768676	5.44	6.55
GNAI3	0.357094202	5.44	6.55
GNAL	-0.434693365	5.44	6.55
GNAO1	0.167010196	5.44	6.55
GNAQ	-0.213843976	5.44	6.55
GNAS	-0.282753107	5.44	6.55
GNAZ	0.274726965	5.44	6.55
GNA12	0.108969899	5.461	6.52
GNA13	0.023297187	5.461	6.52
GNA14	0.01255868	5.461	6.52
GNA15	0.042932403	5.461	6.52
GNAI1	0.313395408	5.461	6.52
GNAI3	0.430308848	5.461	6.52
GNAL	-0.100735458	5.461	6.52
GNAO1	0.094463192	5.461	6.52
GNAQ	-0.062843373	5.461	6.52
GNAS	-0.100735458	5.461	6.52
GNAZ	-0.023753956	5.461	6.52
GNA12	0.104096917	5.47	6.49
GNA13	-0.006542692	5.47	6.49
GNA14	0.107505676	5.47	6.49
GNA15	0.162026823	5.47	6.49
GNAI1	-0.176513297	5.47	6.49
GNAI3	0.081091704	5.47	6.49
GNAL	-0.123723345	5.47	6.49
GNAO1	-0.122140841	5.47	6.49
GNAQ	0.115810394	5.47	6.49
GNAS	-0.188761715	5.47	6.49
GNAZ	-0.253880539	5.47	6.49
GNA12	0.314736233	5.47	6.52
GNA13	0.267940745	5.47	6.52
GNA14	0.413021363	5.47	6.52
GNA15	0.302885625	5.47	6.52
GNAI1	0.502947168	5.47	6.52
GNAI3	0.259989878	5.47	6.52
GNAL	-0.015273541	5.47	6.52
GNAO1	0.532279964	5.47	6.52
GNAQ	0.29775674	5.47	6.52
GNAS	-0.123723345	5.47	6.52
GNAZ	0.251817426	5.47	6.52
GNA12	-0.073942669	5.51	6.45
GNA13	-0.100753553	5.51	6.45
GNA14	0.09904998	5.51	6.45
GNA15	-0.136787967	5.51	6.45
GNAI1	0.154513882	5.51	6.45
GNAI3	0.194801036	5.51	6.45
GNAL	-0.107734392	5.51	6.45
GNAO1	-0.054672746	5.51	6.45
GNAQ	0.006674362	5.51	6.45
GNAS	-0.134508844	5.51	6.45
GNAZ	-0.025590522	5.51	6.45
GNA12	-0.068654636	5.54	6.41
GNA13	-0.113095019	5.54	6.41
GNA14	0.146707101	5.54	6.41
GNA15	-0.176073303	5.54	6.41
GNAI1	0.065336363	5.54	6.41
GNAI3	0.16272679	5.54	6.41
GNAL	-0.10941043	5.54	6.41
GNAO1	-0.103616812	5.54	6.41
GNAQ	0.103491053	5.54	6.41
GNAS	-0.10941043	5.54	6.41
GNAZ	-0.003001744	5.54	6.41
GNA12	0.260643239	5.55	6.45
GNA13	0.183146327	5.55	6.45
GNA14	-0.144415817	5.55	6.45
GNA15	-0.060231875	5.55	6.45
GNAI1	0.029647427	5.55	6.45
GNAI3	0.149176491	5.55	6.45
GNAL	0.056747246	5.55	6.45
GNAO1	0.06540881	5.55	6.45
GNAQ	0.021992455	5.55	6.45
GNAS	-0.021757101	5.55	6.45
GNAZ	0.094884788	5.55	6.45
GNA12	0.057017775	5.61	6.33
GNA13	-0.384141624	5.61	6.33
GNA14	-0.061547129	5.61	6.33
GNA15	-0.210233795	5.61	6.33
GNAI1	0.263651682	5.61	6.33
GNAI3	0.267024049	5.61	6.33
GNAL	-0.17506416	5.61	6.33
GNAO1	-0.467295595	5.61	6.33
GNAQ	-0.149225625	5.61	6.33
GNAS	-0.17506416	5.61	6.33
GNAZ	-0.577578835	5.61	6.33
GNA12	0.184275332	5.61	6.34
GNA13	0.227939221	5.61	6.34
GNA14	0.040713687	5.61	6.34
GNA15	0.259953221	5.61	6.34
GNAI1	0.206853493	5.61	6.34
GNAI3	0.295350078	5.61	6.34
GNAL	-0.46136322	5.61	6.34
GNAO1	-0.164704767	5.61	6.34
GNAQ	-0.272144461	5.61	6.34
GNAS	-0.362356306	5.61	6.34
GNAZ	0.046469578	5.61	6.34
GNA12	0.015788947	5.61	6.37
GNA13	0.004819267	5.61	6.37
GNA14	-0.024864778	5.61	6.37
GNA15	-0.091770314	5.61	6.37
GNAI1	0.190849003	5.61	6.37
GNAI3	0.259989878	5.61	6.37
GNAL	-0.308647411	5.61	6.37
GNAO1	-0.196749171	5.61	6.37
GNAQ	-0.092211513	5.61	6.37
GNAS	-0.243609041	5.61	6.37
GNAZ	-0.203737104	5.61	6.37
GNA12	0.161923327	5.62	6.34
GNA13	0.124341048	5.62	6.34
GNA14	0.097652471	5.62	6.34
GNA15	-0.04067173	5.62	6.34
GNAI1	0.187463283	5.62	6.34
GNAI3	0.273770007	5.62	6.34
GNAL	-0.20692637	5.62	6.34
GNAO1	0.028396096	5.62	6.34
GNAQ	-0.007291168	5.62	6.34
GNAS	-0.246855439	5.62	6.34
GNAZ	-0.017534987	5.62	6.34
GNA12	0.388467305	5.62	6.35
GNA13	0.599406315	5.62	6.35
GNA14	-0.180246686	5.62	6.35
GNA15	0.551336135	5.62	6.35
GNAI1	-0.165026509	5.62	6.35
GNAI3	-0.253539714	5.62	6.35
GNAL	-0.085148067	5.62	6.35
GNAO1	0.416887468	5.62	6.35
GNAQ	-0.099943838	5.62	6.35
GNAS	-0.085148067	5.62	6.35
GNAZ	0.071367499	5.62	6.35
GNA12	0.078038325	5.62	6.37
GNA13	-0.206561502	5.62	6.37
GNA14	0.102937491	5.62	6.37
GNA15	-0.024291234	5.62	6.37
GNAI1	0.181407287	5.62	6.37
GNAI3	0.262839306	5.62	6.37
GNAL	0.016302022	5.62	6.37
GNAO1	-0.250121194	5.62	6.37
GNAQ	0.104227277	5.62	6.37
GNAS	0.016302022	5.62	6.37
GNAZ	-0.305227384	5.62	6.37
GNA12	0.186219246	5.62	6.38
GNA13	0.094434687	5.62	6.38
GNA14	-0.205962946	5.62	6.38
GNA15	0.065327724	5.62	6.38
GNAI1	0.118120657	5.62	6.38
GNAI3	0.177717349	5.62	6.38
GNAL	-0.132120886	5.62	6.38
GNAO1	0.093330441	5.62	6.38
GNAQ	-0.107087211	5.62	6.38
GNAS	-0.17506416	5.62	6.38
GNAZ	0.086912262	5.62	6.38
GNA12	0.388467305	5.65	6.3
GNA13	0.45076229	5.65	6.3
GNA14	-0.067945747	5.65	6.3
GNA15	0.329077437	5.65	6.3
GNAI1	0.308944846	5.65	6.3
GNAI3	0.309077548	5.65	6.3
GNAL	-0.085148067	5.65	6.3
GNAO1	0.177961006	5.65	6.3
GNAQ	0.082002509	5.65	6.3
GNAS	-0.184154981	5.65	6.3
GNAZ	-0.090980764	5.65	6.3
GNA12	0.280168427	5.65	6.31
GNA13	0.384860459	5.65	6.31
GNA14	0.084131257	5.65	6.31
GNA15	0.291090213	5.65	6.31
GNAI1	0.348351493	5.65	6.31
GNAI3	0.16391797	5.65	6.31
GNAL	0.349075767	5.65	6.31
GNAO1	0.524652889	5.65	6.31
GNAQ	0.130420301	5.65	6.31
GNAS	0.349075767	5.65	6.31
GNAZ	0.456869626	5.65	6.31
GNA12	0.146543987	5.65	6.33
GNA13	0.014011565	5.65	6.33
GNA14	-0.024864778	5.65	6.33
GNA15	-0.046311058	5.65	6.33
GNAI1	0.172796558	5.65	6.33
GNAI3	0.292445673	5.65	6.33
GNAL	-0.290537824	5.65	6.33
GNAO1	-0.032044404	5.65	6.33
GNAQ	-0.175899282	5.65	6.33
GNAS	-0.290537824	5.65	6.33
GNAZ	-0.164195213	5.65	6.33
GNA12	0.32465529	5.65	6.34
GNA13	0.305277599	5.65	6.34
GNA14	-0.115243589	5.65	6.34
GNA15	0.253024166	5.65	6.34
GNAI1	-0.06546426	5.65	6.34
GNAI3	0.020648788	5.65	6.34
GNAL	-0.197159256	5.65	6.34
GNAO1	0.132660363	5.65	6.34
GNAQ	-0.149225625	5.65	6.34
GNAS	-0.144225912	5.65	6.34
GNAZ	-0.138417443	5.65	6.34
GNA12	0.161923327	5.65	6.37
GNA13	0.225694739	5.65	6.37
GNA14	-0.214325932	5.65	6.37
GNA15	0.162026823	5.65	6.37
GNAI1	-0.197452381	5.65	6.37
GNAI3	-0.018669783	5.65	6.37
GNAL	0.130183157	5.65	6.37
GNAO1	0.21947983	5.65	6.37
GNAQ	-0.149225625	5.65	6.37
GNAS	0.130183157	5.65	6.37
GNAZ	-0.048316529	5.65	6.37
GNA12	0.116606858	5.66	6.3
GNA13	0.089070297	5.66	6.3
GNA14	-0.267581293	5.66	6.3
GNA15	-0.10200337	5.66	6.3
GNAI1	0.131189463	5.66	6.3
GNAI3	0.225098039	5.66	6.3
GNAL	-0.301623551	5.66	6.3
GNAO1	-0.117313191	5.66	6.3
GNAQ	-0.310911386	5.66	6.3
GNAS	-0.301623551	5.66	6.3
GNAZ	-0.183545319	5.66	6.3
GNA12	0.209830681	5.66	6.31
GNA13	0.357556165	5.66	6.31
GNA14	-0.061547129	5.66	6.31
GNA15	0.287586423	5.66	6.31
GNAI1	0.067902833	5.66	6.31
GNAI3	0.085276448	5.66	6.31
GNAL	0.107650506	5.66	6.31
GNAO1	0.355932525	5.66	6.31
GNAQ	-0.013269272	5.66	6.31
GNAS	0.107650506	5.66	6.31
GNAZ	0.30144905	5.66	6.31
GNA12	0.146543987	5.66	6.34
GNA13	-0.032902612	5.66	6.34
GNA14	0.030434796	5.66	6.34
GNA15	-0.046311058	5.66	6.34
GNAI1	0.111778444	5.66	6.34
GNAI3	0.182667482	5.66	6.34
GNAL	-0.073143386	5.66	6.34
GNAO1	-0.340507983	5.66	6.34
GNAQ	-0.022739491	5.66	6.34
GNAS	-0.073143386	5.66	6.34
GNAZ	-0.376175101	5.66	6.34
GNA12	0.323846655	5.66	6.35
GNA13	0.259152233	5.66	6.35
GNA14	0.044670395	5.66	6.35
GNA15	0.257234446	5.66	6.35
GNAI1	0.165860766	5.66	6.35
GNAI3	0.072908841	5.66	6.35
GNAL	0.032870751	5.66	6.35
GNAO1	0.119579386	5.66	6.35
GNAQ	-0.034703949	5.66	6.35
GNAS	0.07279982	5.66	6.35
GNAZ	0.010053366	5.66	6.35
GNA12	-0.17791746	6.26	6.27
GNA13	-0.26966417	6.26	6.27
GNA14	-0.024864778	6.26	6.27
GNA15	-0.373487917	6.26	6.27
GNAI1	-0.135093103	6.26	6.27
GNAI3	-0.103199881	6.26	6.27
GNAL	0.130183157	6.26	6.27
GNAO1	-0.808916266	6.26	6.27
GNAQ	-0.149225625	6.26	6.27
GNAS	0.130183157	6.26	6.27
GNAZ	-0.319615789	6.26	6.27
GNA12	-0.084693637	6.32	8.48
GNA13	-0.180048749	6.32	8.48
GNA14	0.05800391	6.32	8.48
GNA15	-0.174293154	6.32	8.48
GNAI1	0.505264222	6.32	8.48
GNAI3	0.544574767	6.32	8.48
GNAL	-0.47359841	6.32	8.48
GNAO1	0.355932525	6.32	8.48
GNAQ	-0.120998068	6.32	8.48
GNAS	-0.47359841	6.32	8.48
GNAZ	0.06539301	6.32	8.48
GNA12	-0.17791746	6.35	7.56
GNA13	-0.840531874	6.35	7.56
GNA14	-0.194080942	6.35	7.56
GNA15	-0.492582337	6.35	7.56
GNAI1	0.334808589	6.35	7.56
GNAI3	0.401518449	6.35	7.56
GNAL	-0.331180062	6.35	7.56
GNAO1	-0.148519808	6.35	7.56
GNAQ	-0.544528467	6.35	7.56
GNAS	-0.415504686	6.35	7.56
GNAZ	-0.107635901	6.35	7.56
GNA12	0.089890636	6.36	7.56
GNA13	-0.044299967	6.36	7.56
GNA14	-0.098970587	6.36	7.56
GNA15	-0.069374993	6.36	7.56
GNAI1	0.186965042	6.36	7.56
GNAI3	0.231663849	6.36	7.56
GNAL	0.002836046	6.36	7.56
GNAO1	0.104408291	6.36	7.56
GNAQ	-0.034185798	6.36	7.56
GNAS	-0.027508731	6.36	7.56
GNAZ	0.047899098	6.36	7.56
GNA12	-0.142246098	6.36	8.48
GNA13	-0.456522668	6.36	8.48
GNA14	0.129591162	6.36	8.48
GNA15	0.19490772	6.36	8.48
GNAI1	0.49264867	6.36	8.48
GNAI3	0.596740736	6.36	8.48
GNAL	-0.434693365	6.36	8.48
GNAO1	0.167010196	6.36	8.48
GNAQ	-0.213843976	6.36	8.48
GNAS	-0.434693365	6.36	8.48
GNAZ	-0.218239931	6.36	8.48
GNA12	-0.087218189	6.39	7.56
GNA13	-0.410654376	6.39	7.56
GNA14	-0.115243589	6.39	7.56
GNA15	-0.082627196	6.39	7.56
GNAI1	0.181407287	6.39	7.56
GNAI3	0.146387401	6.39	7.56
GNAL	-0.083794276	6.39	7.56
GNAO1	-0.032044404	6.39	7.56
GNAQ	-0.068445204	6.39	7.56
GNAS	-0.123723345	6.39	7.56
GNAZ	-0.014066208	6.39	7.56
GNA12	-0.047456559	6.4	7.52
GNA13	-0.178125245	6.4	7.52
GNA14	0.039017351	6.4	7.52
GNA15	-0.155306191	6.4	7.52
GNAI1	0.235639281	6.4	7.52
GNAI3	0.24101528	6.4	7.52
GNAL	-0.217298927	6.4	7.52
GNAO1	0.050283487	6.4	7.52
GNAQ	-0.074661922	6.4	7.52
GNAS	-0.250282736	6.4	7.52
GNAZ	0.038122317	6.4	7.52
GNA12	0.032721856	6.4	7.53
GNA13	-0.206561502	6.4	7.53
GNA14	0.474659521	6.4	7.53
GNA15	-0.179326295	6.4	7.53
GNAI1	0.515585197	6.4	7.53
GNAI3	0.401518449	6.4	7.53
GNAL	0.208687504	6.4	7.53
GNAO1	0.261733539	6.4	7.53
GNAQ	0.369263296	6.4	7.53
GNAS	0.208687504	6.4	7.53
GNAZ	0.257233052	6.4	7.53
GNA12	-0.08394629	6.43	7.48
GNA13	-0.097113246	6.43	7.48
GNA14	0.247178874	6.43	7.48
GNA15	-0.100549777	6.43	7.48
GNAI1	0.260443956	6.43	7.48
GNAI3	0.264045761	6.43	7.48
GNAL	0.029421638	6.43	7.48
GNAO1	0.432252105	6.43	7.48
GNAQ	0.099291199	6.43	7.48
GNAS	-0.013521636	6.43	7.48
GNAZ	0.259520552	6.43	7.48
GNA12	-0.081812685	6.43	7.52
GNA13	-0.193828685	6.43	7.52
GNA14	0.054213004	6.43	7.52
GNA15	-0.144042334	6.43	7.52
GNAI1	0.19023228	6.43	7.52
GNAI3	0.255509783	6.43	7.52
GNAL	-0.118418618	6.43	7.52
GNAO1	0.069866836	6.43	7.52
GNAQ	-0.006975255	6.43	7.52
GNAS	-0.14519307	6.43	7.52
GNAZ	-0.014697632	6.43	7.52
GNA12	-0.25084609	6.47	7.41
GNA13	-0.328692774	6.47	7.41
GNA14	0.131305552	6.47	7.41
GNA15	-0.151229218	6.47	7.41
GNAI1	0.053794236	6.47	7.41
GNAI3	0.027145204	6.47	7.41
GNAL	0.031176244	6.47	7.41
GNAO1	-0.215771361	6.47	7.41
GNAQ	0.175152246	6.47	7.41
GNAS	0.031176244	6.47	7.41
GNAZ	0.048999873	6.47	7.41
GNA12	0.216016322	6.48	6.51
GNA13	0.174393859	6.48	6.51
GNA14	0.508036968	6.48	6.51
GNA15	0.235661987	6.48	6.51
GNAI1	0.212758246	6.48	6.51
GNAI3	0.319190018	6.48	6.51
GNAL	0.051678811	6.48	6.51
GNAO1	-0.168497098	6.48	6.51
GNAQ	0.47213842	6.48	6.51
GNAS	-0.032645813	6.48	6.51
GNAZ	-0.222299387	6.48	6.51
GNA12	0.099809693	6.48	7.38
GNA13	0.164287393	6.48	7.38
GNA14	-0.115243589	6.48	7.38
GNA15	-0.320185097	6.48	7.38
GNAI1	0.060655746	6.48	7.38
GNAI3	0.190662315	6.48	7.38
GNAL	0.351105851	6.48	7.38
GNAO1	-0.148519808	6.48	7.38
GNAQ	0.133013831	6.48	7.38
GNAS	0.208687504	6.48	7.38
GNAZ	0.035565416	6.48	7.38
GNA12	-0.097334434	6.48	7.41
GNA13	-0.210766686	6.48	7.41
GNA14	0.153231934	6.48	7.41
GNA15	-0.096510111	6.48	7.41
GNAI1	0.168362515	6.48	7.41
GNAI3	0.150071445	6.48	7.41
GNAL	0.00913697	6.48	7.41
GNAO1	-0.046690292	6.48	7.41
GNAQ	0.129086043	6.48	7.41
GNAS	-0.014324927	6.48	7.41
GNAZ	-0.015306194	6.48	7.41
GNA12	-0.25084609	6.48	7.42
GNA13	-0.328692774	6.48	7.42
GNA14	-0.167427271	6.48	7.42
GNA15	0.021168022	6.48	7.42
GNAI1	0.101479946	6.48	7.42
GNAI3	0.116451904	6.48	7.42
GNAL	-0.003837649	6.48	7.42
GNAO1	-0.215771361	6.48	7.42
GNAQ	0.003934166	6.48	7.42
GNAS	-0.07727356	6.48	7.42
GNAZ	-0.76295106	6.48	7.42
GNA12	-0.307118931	6.48	7.46
GNA13	-0.532785648	6.48	7.46
GNA14	-0.115243589	6.48	7.46
GNA15	-0.038467494	6.48	7.46
GNAI1	0.085220687	6.48	7.46
GNAI3	0.101355615	6.48	7.46
GNAL	0.097199349	6.48	7.46
GNAO1	-0.681224213	6.48	7.46
GNAQ	0.044885424	6.48	7.46
GNAS	0.097199349	6.48	7.46
GNAZ	-1	6.48	7.46
GNA12	0.348951209	6.5	7.33
GNA13	0.446267805	6.5	7.33
GNA14	-0.214325932	6.5	7.33
GNA15	0.408059227	6.5	7.33
GNAI1	-0.197452381	6.5	7.33
GNAI3	-0.018669783	6.5	7.33
GNAL	0.031176244	6.5	7.33
GNAO1	0.629733178	6.5	7.33
GNAQ	-0.032869661	6.5	7.33
GNAS	0.031176244	6.5	7.33
GNAZ	0.30144905	6.5	7.33
GNA12	0.161923327	6.51	6.55
GNA13	-0.065571295	6.51	6.55
GNA14	-0.194080942	6.51	6.55
GNA15	0.042932403	6.51	6.55
GNAI1	0.019235551	6.51	6.55
GNAI3	0.116451904	6.51	6.55
GNAL	0.130183157	6.51	6.55
GNAO1	0.132660363	6.51	6.55
GNAQ	-0.220150595	6.51	6.55
GNAS	0.074666698	6.51	6.55
GNAZ	-0.169998594	6.51	6.55
GNA12	0.099809693	6.51	7.34
GNA13	0.237496527	6.51	7.34
GNA14	0.474659521	6.51	7.34
GNA15	0.042932403	6.51	7.34
GNAI1	0.181407287	6.51	7.34
GNAI3	0.298199506	6.51	7.34
GNAL	-0.045218998	6.51	7.34
GNAO1	0.500660001	6.51	7.34
GNAQ	0.294699592	6.51	7.34
GNAS	0.045858534	6.51	7.34
GNAZ	0.385330995	6.51	7.34
GNA12	-0.53617988	6.51	7.41
GNA13	-0.552888125	6.51	7.41
GNA14	-0.065578465	6.51	7.41
GNA15	-0.443771299	6.51	7.41
GNAI1	0.150398968	6.51	7.41
GNAI3	0.093444812	6.51	7.41
GNAL	-0.148732301	6.51	7.41
GNAO1	-0.084514038	6.51	7.41
GNAQ	-0.087357841	6.51	7.41
GNAS	-0.148732301	6.51	7.41
GNAZ	0.100744106	6.51	7.41
GNA12	-0.419038336	6.52	7.41
GNA13	-0.495448794	6.52	7.41
GNA14	-0.077048459	6.52	7.41
GNA15	0.162026823	6.52	7.41
GNAI1	0.618768676	6.52	7.41
GNAI3	0.596740736	6.52	7.41
GNAL	-0.483120321	6.52	7.41
GNAO1	0.364207307	6.52	7.41
GNAQ	-0.149225625	6.52	7.41
GNAS	-0.483120321	6.52	7.41
GNAZ	0.222982732	6.52	7.41
GNA12	0.224036962	6.54	7.3
GNA13	0.346545918	6.54	7.3
GNA14	0.198586286	6.54	7.3
GNA15	0.241045873	6.54	7.3
GNAI1	0.144797321	6.54	7.3
GNAI3	0.250762915	6.54	7.3
GNAL	-0.080780071	6.54	7.3
GNAO1	0.362045901	6.54	7.3
GNAQ	0.039283592	6.54	7.3
GNAS	-0.123723345	6.54	7.3
GNAZ	0.109346542	6.54	7.3
GNA12	0.153902687	6.54	7.33
GNA13	0.143733137	6.54	7.33
GNA14	0.08916495	6.54	7.33
GNA15	0.116567567	6.54	7.33
GNAI1	-0.117525041	6.54	7.33
GNAI3	-0.086888403	6.54	7.33
GNAL	0.074666698	6.54	7.33
GNAO1	-0.032044404	6.54	7.33
GNAQ	0.068913633	6.54	7.33
GNAS	0.074666698	6.54	7.33
GNAZ	-0.014066208	6.54	7.33
GNA12	0.039047551	6.54	7.34
GNA13	0.051348419	6.54	7.34
GNA14	0.016763899	6.54	7.34
GNA15	0.028159784	6.54	7.34
GNAI1	-0.030508175	6.54	7.34
GNAI3	-0.031304317	6.54	7.34
GNAL	0.040541413	6.54	7.34
GNAO1	0.07983346	6.54	7.34
GNAQ	0.017089672	6.54	7.34
GNAS	0.040541413	6.54	7.34
GNAZ	0.057472422	6.54	7.34
GNA12	-0.000808635	6.54	7.37
GNA13	0.005566205	6.54	7.37
GNA14	-0.015806579	6.54	7.37
GNA15	0.025699322	6.54	7.37
GNAI1	-0.009130848	6.54	7.37
GNAI3	-0.010526669	6.54	7.37
GNAL	-0.01223519	6.54	7.37
GNAO1	0.037156738	6.54	7.37
GNAQ	0.012460135	6.54	7.37
GNAS	-0.01223519	6.54	7.37
GNAZ	-0.013073308	6.54	7.37
GNA12	-0.073942669	6.55	7.34
GNA13	-0.100753553	6.55	7.34
GNA14	-0.013250959	6.55	7.34
GNA15	-0.074948215	6.55	7.34
GNAI1	0.216873161	6.55	7.34
GNAI3	0.280245132	6.55	7.34
GNAL	-0.190025304	6.55	7.34
GNAO1	0.196851488	6.55	7.34
GNAQ	-0.069186685	6.55	7.34
GNAS	-0.190025304	6.55	7.34
GNAZ	0.218386106	6.55	7.34
GNA12	-0.383366974	6.55	7.38
GNA13	-0.660615542	6.55	7.38
GNA14	-0.042849368	6.55	7.38
GNA15	-0.278767268	6.55	7.38
GNAI1	0.174545777	6.55	7.38
GNAI3	0.184291585	6.55	7.38
GNAL	-0.191675575	6.55	7.38
GNAO1	-0.174610475	6.55	7.38
GNAQ	-0.170447514	6.55	7.38
GNAS	-0.191675575	6.55	7.38
GNAZ	-0.178373869	6.55	7.38
GNA12	-0.395426901	6.55	7.41
GNA13	-0.532785648	6.55	7.41
GNA14	-0.210259194	6.55	7.41
GNA15	-0.351723535	6.55	7.41
GNAI1	0.181407287	6.55	7.41
GNAI3	0.101355615	6.55	7.41
GNAL	-0.208047968	6.55	7.41
GNAO1	0.185129997	6.55	7.41
GNAQ	-0.19136404	6.55	7.41
GNAS	-0.208047968	6.55	7.41
GNAZ	0.22991042	6.55	7.41
GNA12	0.175552091	6.57	7.3
GNA13	0.320149893	6.57	7.3
GNA14	0.092787339	6.57	7.3
GNA15	0.222891705	6.57	7.3
GNAI1	0.054582466	6.57	7.3
GNAI3	0.12507481	6.57	7.3
GNAL	-0.241538318	6.57	7.3
GNAO1	0.180019887	6.57	7.3
GNAQ	0.008692513	6.57	7.3
GNAS	-0.241538318	6.57	7.3
GNAZ	0.18656652	6.57	7.3
GNA12	0.046928137	6.57	7.33
GNA13	0.065312444	6.57	7.33
GNA14	-0.030149798	6.57	7.33
GNA15	0.078422689	6.57	7.33
GNAI1	-0.032587496	6.57	7.33
GNAI3	-0.036505297	6.57	7.33
GNAL	-0.025932745	6.57	7.33
GNAO1	0.028396096	6.57	7.33
GNAQ	-0.041496829	6.57	7.33
GNAS	-0.025932745	6.57	7.33
GNAZ	-0.101416931	6.57	7.33
GNA12	-0.299098291	6.57	ECL3
GNA13	-0.30553645	6.57	ECL3
GNA14	0.022033883	6.57	ECL3
GNA15	-0.289122241	6.57	ECL3
GNAI1	0.079570703	6.57	ECL3
GNAI3	0.075609298	6.57	ECL3
GNAL	0.007051063	6.57	ECL3
GNAO1	0.003398253	6.57	ECL3
GNAQ	0.074859136	6.57	ECL3
GNAS	-0.042790264	6.57	ECL3
GNAZ	-0.048316529	6.57	ECL3
GNA12	0.368829228	6.58	7.27
GNA13	0.472033619	6.58	7.27
GNA14	0.684589371	6.58	7.27
GNA15	0.562838846	6.58	7.27
GNAI1	-0.313273889	6.58	7.27
GNAI3	0.137442417	6.58	7.27
GNAL	-0.377629847	6.58	7.27
GNAO1	-0.032044404	6.58	7.27
GNAQ	0.209628333	6.58	7.27
GNAS	-0.377629847	6.58	7.27
GNAZ	-0.097948153	6.58	7.27
GNA12	0.184275332	6.58	7.3
GNA13	0.227939221	6.58	7.3
GNA14	0.231851978	6.58	7.3
GNA15	0.202698554	6.58	7.3
GNAI1	0.070640154	6.58	7.3
GNAI3	0.130652992	6.58	7.3
GNAL	-0.108449804	6.58	7.3
GNAO1	0.298798496	6.58	7.3
GNAQ	0.102654887	6.58	7.3
GNAS	-0.108449804	6.58	7.3
GNAZ	0.13439747	6.58	7.3
GNA12	0.053624449	6.58	7.34
GNA13	0.087220699	6.58	7.34
GNA14	-0.10126316	6.58	7.34
GNA15	0.048763257	6.58	7.34
GNAI1	0.049419165	6.58	7.34
GNAI3	0.068114854	6.58	7.34
GNAL	-0.232173149	6.58	7.34
GNAO1	0.050896473	6.58	7.34
GNAQ	0.055856597	6.58	7.34
GNAS	-0.185723364	6.58	7.34
GNAZ	-0.164195213	6.58	7.34
GNA12	-0.369232566	6.58	ECL3
GNA13	-0.274342573	6.58	ECL3
GNA14	0.244410658	6.58	ECL3
GNA15	-0.492582337	6.58	ECL3
GNAI1	-0.06546426	6.58	ECL3
GNAI3	0.028998384	6.58	ECL3
GNAL	0.130183157	6.58	ECL3
GNAO1	-0.235339276	6.58	ECL3
GNAQ	0.145178534	6.58	ECL3
GNAS	0.130183157	6.58	ECL3
GNAZ	0.02393082	6.58	ECL3
GNA12	0.375561397	6.61	7.26
GNA13	0.583033404	6.61	7.26
GNA14	0.199943852	6.61	7.26
GNA15	0.546649056	6.61	7.26
GNAI1	0.00844758	6.61	7.26
GNAI3	0.030073826	6.61	7.26
GNAL	0.014368527	6.61	7.26
GNAO1	0.576452788	6.61	7.26
GNAQ	-0.014944976	6.61	7.26
GNAS	0.014368527	6.61	7.26
GNAZ	0.261582988	6.61	7.26
GNA12	0.161923327	6.61	7.27
GNA13	0.262729187	6.61	7.27
GNA14	-0.053146216	6.61	7.27
GNA15	0.276088102	6.61	7.27
GNAI1	0.049419165	6.61	7.27
GNAI3	0.210543884	6.61	7.27
GNAL	-0.658522476	6.61	7.27
GNAO1	0.192196422	6.61	7.27
GNAQ	-0.362339214	6.61	7.27
GNAS	-0.658522476	6.61	7.27
GNAZ	0.154788824	6.61	7.27
GNA12	0.281863373	6.61	7.29
GNA13	0.373058671	6.61	7.29
GNA14	-0.097517156	6.61	7.29
GNA15	0.346219475	6.61	7.29
GNAI1	0.391668868	6.61	7.29
GNAI3	0.385884602	6.61	7.29
GNAL	-0.422257594	6.61	7.29
GNAO1	0.438649444	6.61	7.29
GNAQ	-0.149225625	6.61	7.29
GNAS	-0.422257594	6.61	7.29
GNAZ	0.347333966	6.61	7.29
GNA12	0.058316227	6.61	7.3
GNA13	0.116999976	6.61	7.3
GNA14	0.126716998	6.61	7.3
GNA15	0.222483254	6.61	7.3
GNAI1	0.114645784	6.61	7.3
GNAI3	0.165011719	6.61	7.3
GNAL	-0.357954514	6.61	7.3
GNAO1	0.163306127	6.61	7.3
GNAQ	-0.083138176	6.61	7.3
GNAS	-0.318025445	6.61	7.3
GNAZ	0.033678983	6.61	7.3
GNA12	-0.025104554	6.61	7.33
GNA13	-0.328692774	6.61	7.33
GNA14	-0.186044494	6.61	7.33
GNA15	0.199721346	6.61	7.33
GNAI1	-0.293638981	6.61	7.33
GNAI3	-0.250405514	6.61	7.33
GNAL	0.071818482	6.61	7.33
GNAO1	-0.35082019	6.61	7.33
GNAQ	0.115810394	6.61	7.33
GNAS	0.185699617	6.61	7.33
GNAZ	-0.572064966	6.61	7.33
GNA12	-0.041554066	6.61	ECL3
GNA13	-0.059130241	6.61	ECL3
GNA14	0.052062463	6.61	ECL3
GNA15	-0.125720203	6.61	ECL3
GNAI1	0.042727575	6.61	ECL3
GNAI3	0.11831294	6.61	ECL3
GNAL	0.024945386	6.61	ECL3
GNAO1	-0.115013683	6.61	ECL3
GNAQ	0.082908695	6.61	ECL3
GNAS	0.016090386	6.61	ECL3
GNAZ	0.062474276	6.61	ECL3
GNA12	-0.037900994	8.55	Cterm
GNA13	-0.249109913	8.55	Cterm
GNA14	-0.006247555	8.55	Cterm
GNA15	-0.306264279	8.55	Cterm
GNAI1	0.049419165	8.55	Cterm
GNAI3	0.16391797	8.55	Cterm
GNAL	-0.056770993	8.55	Cterm
GNAO1	-0.25957575	8.55	Cterm
GNAQ	-0.28777551	8.55	Cterm
GNAS	-0.056770993	8.55	Cterm
GNAZ	0.123207672	8.55	Cterm
GNA12	-0.025104554	8.59	Cterm
GNA13	-0.124599899	8.59	Cterm
GNA14	0.013330352	8.59	Cterm
GNA15	-0.454887814	8.59	Cterm
GNAI1	0.157664613	8.59	Cterm
GNAI3	0.207075423	8.59	Cterm
GNAL	-0.088709453	8.59	Cterm
GNAO1	0.249135767	8.59	Cterm
GNAQ	-0.149225625	8.59	Cterm
GNAS	-0.197159256	8.59	Cterm
GNAZ	0.293826417	8.59	Cterm
GNA12	-0.01668086	Cterm	Cterm
GNA13	-0.122754034	Cterm	Cterm
GNA14	0.252647213	Cterm	Cterm
GNA15	-0.619520321	Cterm	Cterm
GNAI1	0.049419165	Cterm	Cterm
GNAI3	0.16391797	Cterm	Cterm
GNAL	-0.003837649	Cterm	Cterm
GNAO1	-0.25957575	Cterm	Cterm
GNAQ	-0.193957571	Cterm	Cterm
GNAS	-0.003837649	Cterm	Cterm
GNAZ	-0.03609727	Cterm	Cterm
GNA12	-0.293708237	ECL1.5	3.21
GNA13	-0.191927175	ECL1.5	3.21
GNA14	0.109565041	ECL1.5	3.21
GNA15	-0.398820824	ECL1.5	3.21
GNAI1	0.42954971	ECL1.5	3.21
GNAI3	0.421055957	ECL1.5	3.21
GNAL	-0.368490346	ECL1.5	3.21
GNAO1	0.141201597	ECL1.5	3.21
GNAQ	-0.014944976	ECL1.5	3.21
GNAS	-0.368490346	ECL1.5	3.21
GNAZ	-0.088182591	ECL1.5	3.21
GNA12	0.447167576	ECL1.52	3.24
GNA13	0.543339265	ECL1.52	3.24
GNA14	0.119551039	ECL1.52	3.24
GNA15	0.495886338	ECL1.52	3.24
GNAI1	0.11677504	ECL1.52	3.24
GNAI3	0.130652992	ECL1.52	3.24
GNAL	0.160527935	ECL1.52	3.24
GNAO1	0.686775425	ECL1.52	3.24
GNAQ	0.102654887	ECL1.52	3.24
GNAS	0.21889261	ECL1.52	3.24
GNAZ	0.268137214	ECL1.52	3.24
GNA12	0.138958863	ECL2	5.35
GNA13	-0.017421973	ECL2	5.35
GNA14	-0.127802269	ECL2	5.35
GNA15	0.073635164	ECL2	5.35
GNAI1	0.618768676	ECL2	5.35
GNAI3	0.596740736	ECL2	5.35
GNAL	-0.46136322	ECL2	5.35
GNAO1	-0.053648825	ECL2	5.35
GNAQ	-0.272144461	ECL2	5.35
GNAS	-0.46136322	ECL2	5.35
GNAZ	-0.574595261	ECL2	5.35
GNA12	0.011608636	ECL2	5.36
GNA13	0.000257532	ECL2	5.36
GNA14	-0.081002353	ECL2	5.36
GNA15	0.037145227	ECL2	5.36
GNAI1	0.305685532	ECL2	5.36
GNAI3	0.306051361	ECL2	5.36
GNAL	-0.158206641	ECL2	5.36
GNAO1	0.128698084	ECL2	5.36
GNAQ	-0.004770492	ECL2	5.36
GNAS	-0.202834389	ECL2	5.36
GNAZ	-0.266360299	ECL2	5.36
GNA12	-0.17791746	ECL2	5.37
GNA13	-0.478968602	ECL2	5.37
GNA14	0.084131257	ECL2	5.37
GNA15	-0.306264279	ECL2	5.37
GNAI1	0.152602644	ECL2	5.37
GNAI3	0.068114854	ECL2	5.37
GNAL	0.021733354	ECL2	5.37
GNAO1	0.108423888	ECL2	5.37
GNAQ	0.055856597	ECL2	5.37
GNAS	0.021733354	ECL2	5.37
GNAZ	-0.338178072	ECL2	5.37
GNA12	-0.517758248	ECL2	5.39
GNA13	-0.43642019	ECL2	5.39
GNA14	-0.167427271	ECL2	5.39
GNA15	-0.29208802	ECL2	5.39
GNAI1	0.400412274	ECL2	5.39
GNAI3	0.394002622	ECL2	5.39
GNAL	-1	ECL2	5.39
GNAO1	0.083027136	ECL2	5.39
GNAQ	-0.320443705	ECL2	5.39
GNAS	-1	ECL2	5.39
GNAZ	-0.191517845	ECL2	5.39
GNA12	0.139059102	ECL2	ECL2
GNA13	0.166254331	ECL2	ECL2
GNA14	0.184210316	ECL2	ECL2
GNA15	0.189797119	ECL2	ECL2
GNAI1	0.208761646	ECL2	ECL2
GNAI3	0.209498973	ECL2	ECL2
GNAL	0.001965443	ECL2	ECL2
GNAO1	0.10364677	ECL2	ECL2
GNAQ	0.140633597	ECL2	ECL2
GNAS	0.001965443	ECL2	ECL2
GNAZ	-0.111437141	ECL2	ECL2
GNA12	-0.165121021	ECL2	ECL2.51
GNA13	-0.185694606	ECL2	ECL2.51
GNA14	-0.024864778	ECL2	ECL2.51
GNA15	-0.072210169	ECL2	ECL2.51
GNAI1	0.144797321	ECL2	ECL2.51
GNAI3	0.250762915	ECL2	ECL2.51
GNAL	-0.263227832	ECL2	ECL2.51
GNAO1	-0.223128138	ECL2	ECL2.51
GNAQ	-0.217915893	ECL2	ECL2.51
GNAS	-0.263227832	ECL2	ECL2.51
GNAZ	-0.273730873	ECL2	ECL2.51
GNA12	-0.025104554	ECL3	7.3
GNA13	0.042156121	ECL3	7.3
GNA14	0.08743616	ECL3	7.3
GNA15	0.080626926	ECL3	7.3
GNAI1	0.280154122	ECL3	7.3
GNAI3	0.244979608	ECL3	7.3
GNAL	-0.088709453	ECL3	7.3
GNAO1	-0.13364579	ECL3	7.3
GNAQ	0.175152246	ECL3	7.3
GNAS	-0.088709453	ECL3	7.3
GNAZ	0.094884788	ECL3	7.3
GNA12	-0.124257507	ECL3	ECL3
GNA13	-0.195292867	ECL3	ECL3
GNA14	0.223126298	ECL3	ECL3
GNA15	-0.016781943	ECL3	ECL3
GNAI1	0.106165716	ECL3	ECL3
GNAI3	0.197909349	ECL3	ECL3
GNAL	0.062375592	ECL3	ECL3
GNAO1	0.229324266	ECL3	ECL3
GNAQ	0.062795386	ECL3	ECL3
GNAS	0.021733354	ECL3	ECL3
GNAZ	0.057472422	ECL3	ECL3
GNA12	0.330115573	ICL1	2.4
GNA13	0.354728881	ICL1	2.4
GNA14	-0.262442876	ICL1	2.4
GNA15	0.334424063	ICL1	2.4
GNAI1	-0.531630292	ICL1	2.4
GNAI3	-0.363836927	ICL1	2.4
GNAL	0.457525571	ICL1	2.4
GNAO1	-0.215771361	ICL1	2.4
GNAQ	0.207102401	ICL1	2.4
GNAS	0.503975356	ICL1	2.4
GNAZ	-0.117810069	ICL1	2.4
GNA12	0.136132046	ICL1.48	2.4
GNA13	0.014011565	ICL1.48	2.4
GNA14	-0.10126316	ICL1.48	2.4
GNA15	0.088391659	ICL1.48	2.4
GNAI1	0.348351493	ICL1.48	2.4
GNAI3	0.345665571	ICL1.48	2.4
GNAL	-0.845476627	ICL1.48	2.4
GNAO1	0.108423888	ICL1.48	2.4
GNAQ	-0.28777551	ICL1.48	2.4
GNAS	-0.845476627	ICL1.48	2.4
GNAZ	-0.164195213	ICL1.48	2.4
GNA12	0.024212641	ICL1.49	2.4
GNA13	0.218104439	ICL1.49	2.4
GNA14	-0.006247555	ICL1.49	2.4
GNA15	-0.084005581	ICL1.49	2.4
GNAI1	0.252164893	ICL1.49	2.4
GNAI3	0.345665571	ICL1.49	2.4
GNAL	-0.141095617	ICL1.49	2.4
GNAO1	0.108423888	ICL1.49	2.4
GNAQ	0.130420301	ICL1.49	2.4
GNAS	-0.232173149	ICL1.49	2.4
GNAZ	0.244889738	ICL1.49	2.4
GNA12	0.07661411	ICL1.5	2.4
GNA13	0.071194303	ICL1.5	2.4
GNA14	0.199943852	ICL1.5	2.4
GNA15	-0.138867603	ICL1.5	2.4
GNAI1	0.278864764	ICL1.5	2.4
GNAI3	0.281148991	ICL1.5	2.4
GNAL	-0.069956096	ICL1.5	2.4
GNAO1	0.200149585	ICL1.5	2.4
GNAQ	0.146740784	ICL1.5	2.4
GNAS	-0.114583844	ICL1.5	2.4
GNAZ	0.261582988	ICL1.5	2.4
GNA12	0.142201229	ICL2.56	4.41
GNA13	0.090487224	ICL2.56	4.41
GNA14	-0.15883144	ICL2.56	4.41
GNA15	0.086592859	ICL2.56	4.41
GNAI1	0.192383057	ICL2.56	4.41
GNAI3	0.200853025	ICL2.56	4.41
GNAL	-0.442279138	ICL2.56	4.41
GNAO1	0.07648666	ICL2.56	4.41
GNAQ	-0.49060572	ICL2.56	4.41
GNAS	-0.442279138	ICL2.56	4.41
GNAZ	-0.198607113	ICL2.56	4.41
GNA12	-0.17791746	ICL2.57	4.42
GNA13	-0.495448794	ICL2.57	4.42
GNA14	-0.362596898	ICL2.57	4.42
GNA15	-0.909002657	ICL2.57	4.42
GNAI1	-0.044051079	ICL2.57	4.42
GNAI3	-0.311670958	ICL2.57	4.42
GNAL	0.38408966	ICL2.57	4.42
GNAO1	0.06540881	ICL2.57	4.42
GNAQ	-0.27571176	ICL2.57	4.42
GNAS	0.38408966	ICL2.57	4.42
GNAZ	0.30144905	ICL2.57	4.42
GNA12	-0.464354805	ICL3	6.26
GNA13	-0.485871472	ICL3	6.26
GNA14	-0.362596898	ICL3	6.26
GNA15	-0.296164992	ICL3	6.26
GNAI1	0.618768676	ICL3	6.26
GNAI3	0.596740736	ICL3	6.26
GNAL	-0.600157801	ICL3	6.26
GNAO1	0.281490388	ICL3	6.26
GNAQ	-0.492857733	ICL3	6.26
GNAS	-0.600157801	ICL3	6.26
GNAZ	0.423131116	ICL3	6.26
GNA12	0.206437355	ICL3	6.3
GNA13	0.253976719	ICL3	6.3
GNA14	-0.081866143	ICL3	6.3
GNA15	0.337228366	ICL3	6.3
GNAI1	0.111778444	ICL3	6.3
GNAI3	0.345665571	ICL3	6.3
GNAL	-0.352058845	ICL3	6.3
GNAO1	0.304748617	ICL3	6.3
GNAQ	-0.072021279	ICL3	6.3
GNAS	-0.232173149	ICL3	6.3
GNAZ	0.057472422	ICL3	6.3
GNA12	-0.255682518	ICL3	ICL3
GNA13	-0.230014733	ICL3	ICL3
GNA14	-1	ICL3	ICL3
GNA15	-0.445169642	ICL3	ICL3
GNAI1	0.108653738	ICL3	ICL3
GNAI3	0.201754101	ICL3	ICL3
GNAL	-0.535759758	ICL3	ICL3
GNAO1	0.365984212	ICL3	ICL3
GNAQ	-1	ICL3	ICL3
GNAS	-0.588693102	ICL3	ICL3
GNAZ	0.285960867	ICL3	ICL3
GNA12	-0.061551623	Nterm	1.32
GNA13	0.009133548	Nterm	1.32
GNA14	0.089753107	Nterm	1.32
GNA15	-0.266225037	Nterm	1.32
GNAI1	0.015682347	Nterm	1.32
GNAI3	-0.033460924	Nterm	1.32
GNAL	0.10571207	Nterm	1.32
GNAO1	0.26974005	Nterm	1.32
GNAQ	0.156475242	Nterm	1.32
GNAS	0.10571207	Nterm	1.32
GNAZ	-0.074463901	Nterm	1.32
GNA12	0.035698246	Nterm	Nterm
GNA13	0.054116411	Nterm	Nterm
GNA14	0.042431973	Nterm	Nterm
GNA15	0.014377119	Nterm	Nterm
GNAI1	-0.148421214	Nterm	Nterm
GNAI3	-0.130353372	Nterm	Nterm
GNAL	0.111820278	Nterm	Nterm
GNAO1	-0.283474277	Nterm	Nterm
GNAQ	0.065297654	Nterm	Nterm
GNAS	0.128968142	Nterm	Nterm
GNAZ	-0.062674039	Nterm	Nterm
