Gprotein	ln(odds_ratio)_scaled	TM_pos1	TM_pos2
Barr1-GRK2	0.249270641	1.35	2.64
Barr2	0.193621589	1.35	2.64
Barr2-GRK2	0.078684161	1.35	2.64
GNA11	-0.078466017	1.35	2.64
GNA12	0.4099816	1.35	2.64
GNA13	0.372396297	1.35	2.64
GNA14	0.096143627	1.35	2.64
GNA15	-0.090734327	1.35	2.64
GNAI1	0.203870862	1.35	2.64
GNAI2	0.255758214	1.35	2.64
GNAQ	0.0263656	1.35	2.64
GNAS	-0.205625478	1.35	2.64
GNAZ	0.07426282	1.35	2.64
GoA	0.100129227	1.35	2.64
GoB	0.061919755	1.35	2.64
Barr1-GRK2	0.268985474	1.35	2.65
Barr2	0.212649962	1.35	2.65
Barr2-GRK2	0.259349019	1.35	2.65
GNA11	-0.239610764	1.35	2.65
GNA12	-0.172511211	1.35	2.65
GNA13	-0.431180306	1.35	2.65
GNA14	0.096143627	1.35	2.65
GNA15	0.113480457	1.35	2.65
GNAI1	0.338103538	1.35	2.65
GNAI2	0.368581957	1.35	2.65
GNAQ	-0.168695544	1.35	2.65
GNAS	-0.189747895	1.35	2.65
GNAZ	0.223553507	1.35	2.65
GoA	0.472397531	1.35	2.65
GoB	0.194642825	1.35	2.65
Barr1-GRK2	0.004724932	1.36	2.64
Barr2	0.0627769	1.36	2.64
Barr2-GRK2	-0.058136544	1.36	2.64
GNA11	0.064055282	1.36	2.64
GNA12	0.241638759	1.36	2.64
GNA13	0.077688731	1.36	2.64
GNA14	0.164264621	1.36	2.64
GNA15	0.130596132	1.36	2.64
GNAI1	-0.019306917	1.36	2.64
GNAI2	-0.082622565	1.36	2.64
GNAQ	0.19821252	1.36	2.64
GNAS	0.08356207	1.36	2.64
GNAZ	-0.036544861	1.36	2.64
GoA	-0.299461767	1.36	2.64
GoB	-0.158748125	1.36	2.64
Barr1-GRK2	0.097486478	1.36	2.65
Barr2	0.086541606	1.36	2.65
Barr2-GRK2	0.091305739	1.36	2.65
GNA11	0.027419252	1.36	2.65
GNA12	0.157485895	1.36	2.65
GNA13	0.131694638	1.36	2.65
GNA14	0.082138246	1.36	2.65
GNA15	0.032244915	1.36	2.65
GNAI1	0.086144864	1.36	2.65
GNAI2	0.102245128	1.36	2.65
GNAQ	0.058778184	1.36	2.65
GNAS	-0.051098749	1.36	2.65
GNAZ	0.138162003	1.36	2.65
GoA	0.086240328	1.36	2.65
GoB	0.096921319	1.36	2.65
Barr1-GRK2	0.060513168	1.39	2.6
Barr2	0.047624008	1.39	2.6
Barr2-GRK2	0.068030631	1.39	2.6
GNA11	0.216980341	1.39	2.6
GNA12	0.241638759	1.39	2.6
GNA13	0.003692007	1.39	2.6
GNA14	0.234139369	1.39	2.6
GNA15	0.230387203	1.39	2.6
GNAI1	-0.04515274	1.39	2.6
GNAI2	-0.005427725	1.39	2.6
GNAQ	0.24840249	1.39	2.6
GNAS	0.036799395	1.39	2.6
GNAZ	-0.12112995	1.39	2.6
GoA	0.078177134	1.39	2.6
GoB	0.041578154	1.39	2.6
Barr1-GRK2	0.180985756	1.39	2.61
Barr2	0.158804245	1.39	2.61
Barr2-GRK2	0.08120576	1.39	2.61
GNA11	0.097672471	1.39	2.61
GNA12	0.021169513	1.39	2.61
GNA13	0.037211207	1.39	2.61
GNA14	0.096143627	1.39	2.61
GNA15	0.013689387	1.39	2.61
GNAI1	0.144483985	1.39	2.61
GNAI2	0.161271613	1.39	2.61
GNAQ	0.095257635	1.39	2.61
GNAS	-0.119165027	1.39	2.61
GNAZ	0.150601504	1.39	2.61
GoA	0.171821817	1.39	2.61
GoB	0.054196765	1.39	2.61
Barr1-GRK2	0.017359669	1.4	2.61
Barr2	0.011436561	1.4	2.61
Barr2-GRK2	-0.003819165	1.4	2.61
GNA11	0.271260353	1.4	2.61
GNA12	0.327059404	1.4	2.61
GNA13	0.202541987	1.4	2.61
GNA14	0.14952759	1.4	2.61
GNA15	-0.21970784	1.4	2.61
GNAI1	0.091454904	1.4	2.61
GNAI2	0.107633244	1.4	2.61
GNAQ	0.19821252	1.4	2.61
GNAS	0.049451252	1.4	2.61
GNAZ	0.036407142	1.4	2.61
GoA	0.094052465	1.4	2.61
GoB	-0.049231952	1.4	2.61
Barr1-GRK2	-0.008806965	1.4	2.65
Barr2	-0.055469879	1.4	2.65
Barr2-GRK2	-0.274287608	1.4	2.65
GNA11	0.518637301	1.4	2.65
GNA12	0.192487573	1.4	2.65
GNA13	0.177997962	1.4	2.65
GNA14	0.350714497	1.4	2.65
GNA15	-0.444478689	1.4	2.65
GNAI1	-0.070323803	1.4	2.65
GNAI2	0.025295189	1.4	2.65
GNAQ	0.463438831	1.4	2.65
GNAS	-0.24041725	1.4	2.65
GNAZ	-0.184341074	1.4	2.65
GoA	-0.02532807	1.4	2.65
GoB	-0.071258694	1.4	2.65
Barr1-GRK2	0.268985474	1.42	2.53
Barr2	0.082662452	1.42	2.53
Barr2-GRK2	-0.003819165	1.42	2.53
GNA11	0.084345781	1.42	2.53
GNA12	0.389455281	1.42	2.53
GNA13	0.438564321	1.42	2.53
GNA14	0.190249352	1.42	2.53
GNA15	-0.010515762	1.42	2.53
GNAI1	0.236326974	1.42	2.53
GNAI2	0.283037861	1.42	2.53
GNAQ	0.19821252	1.42	2.53
GNAS	-0.306209216	1.42	2.53
GNAZ	0.223553507	1.42	2.53
GoA	0.348368613	1.42	2.53
GoB	0.194642825	1.42	2.53
Barr1-GRK2	0.060513168	1.42	2.54
Barr2	0.066628975	1.42	2.54
Barr2-GRK2	0.078684161	1.42	2.54
GNA11	-0.283776904	1.42	2.54
GNA12	-0.533038583	1.42	2.54
GNA13	-0.371022833	1.42	2.54
GNA14	-0.024909345	1.42	2.54
GNA15	0.104204654	1.42	2.54
GNAI1	-0.106876561	1.42	2.54
GNAI2	-0.132069725	1.42	2.54
GNAQ	-0.124443976	1.42	2.54
GNAS	0.009186889	1.42	2.54
GNAZ	-0.083274271	1.42	2.54
GoA	-0.190636168	1.42	2.54
GoB	-0.107400373	1.42	2.54
Barr1-GRK2	0.025327869	1.43	2.54
Barr2	0.044382837	1.43	2.54
Barr2-GRK2	0.051033577	1.43	2.54
GNA11	0.067153199	1.43	2.54
GNA12	-0.087090566	1.43	2.54
GNA13	-0.040542183	1.43	2.54
GNA14	0.034413352	1.43	2.54
GNA15	0.072977921	1.43	2.54
GNAI1	-0.087957729	1.43	2.54
GNAI2	-0.08742433	1.43	2.54
GNAQ	0.029195561	1.43	2.54
GNAS	-0.02153624	1.43	2.54
GNAZ	-0.073239204	1.43	2.54
GoA	-0.140462149	1.43	2.54
GoB	-0.083384066	1.43	2.54
Barr1-GRK2	0.004724932	1.45	2.54
Barr2	0.0627769	1.45	2.54
Barr2-GRK2	0.097458391	1.45	2.54
GNA11	-0.043272771	1.45	2.54
GNA12	-0.445304823	1.45	2.54
GNA13	-0.792055896	1.45	2.54
GNA14	0.096143627	1.45	2.54
GNA15	0.294308381	1.45	2.54
GNAI1	-0.397051015	1.45	2.54
GNAI2	-0.435675909	1.45	2.54
GNAQ	0.039639207	1.45	2.54
GNAS	0.181190857	1.45	2.54
GNAZ	-0.036544861	1.45	2.54
GoA	-0.423490686	1.45	2.54
GoB	-0.158748125	1.45	2.54
Barr1-GRK2	-0.031010227	1.46	2.5
Barr2	-0.01723046	1.46	2.5
Barr2-GRK2	0.024366782	1.46	2.5
GNA11	-0.078466017	1.46	2.5
GNA12	0.028927909	1.46	2.5
GNA13	-0.277700774	1.46	2.5
GNA14	0.017112435	1.46	2.5
GNA15	0.28217	1.46	2.5
GNAI1	-0.365145033	1.46	2.5
GNAI2	-0.529694478	1.46	2.5
GNAQ	0.0263656	1.46	2.5
GNAS	0.074978855	1.46	2.5
GNAZ	-0.459044491	1.46	2.5
GoA	-0.523680241	1.46	2.5
GoB	-0.293679506	1.46	2.5
Barr1-GRK2	0.05161482	1.46	2.54
Barr2	0.053404289	1.46	2.54
Barr2-GRK2	0.0550096	1.46	2.54
GNA11	0.071174961	1.46	2.54
GNA12	0.097584407	1.46	2.54
GNA13	0.052451635	1.46	2.54
GNA14	0.072910489	1.46	2.54
GNA15	0.082468942	1.46	2.54
GNAI1	-0.035293492	1.46	2.54
GNAI2	-0.017740475	1.46	2.54
GNAQ	0.07105204	1.46	2.54
GNAS	-0.022478794	1.46	2.54
GNAZ	-0.022700137	1.46	2.54
GoA	-0.052158507	1.46	2.54
GoB	-0.040595101	1.46	2.54
Barr1-GRK2	-0.011494233	1.47	2.51
Barr2	0.026872033	1.47	2.51
Barr2-GRK2	0.032179344	1.47	2.51
GNA11	0.068372574	1.47	2.51
GNA12	0.206637081	1.47	2.51
GNA13	0.175477333	1.47	2.51
GNA14	0.053517031	1.47	2.51
GNA15	0.032244915	1.47	2.51
GNAI1	-0.115734967	1.47	2.51
GNAI2	-0.105065216	1.47	2.51
GNAQ	0.091437763	1.47	2.51
GNAS	-0.012514664	1.47	2.51
GNAZ	-0.087961483	1.47	2.51
GoA	-0.168908631	1.47	2.51
GoB	-0.086299083	1.47	2.51
Barr1-GRK2	0.011148725	1.47	2.54
Barr2	0.006243054	1.47	2.54
Barr2-GRK2	0.052239083	1.47	2.54
GNA11	0.027419252	1.47	2.54
GNA12	-0.010856946	1.47	2.54
GNA13	0.038372579	1.47	2.54
GNA14	-0.006341466	1.47	2.54
GNA15	0.032244915	1.47	2.54
GNAI1	-0.115734967	1.47	2.54
GNAI2	-0.105065216	1.47	2.54
GNAQ	-0.009826588	1.47	2.54
GNAS	-0.012514664	1.47	2.54
GNAZ	-0.028144729	1.47	2.54
GoA	-0.168908631	1.47	2.54
GoB	-0.086299083	1.47	2.54
Barr1-GRK2	-0.074163726	1.47	2.55
Barr2	0.019581382	1.47	2.55
Barr2-GRK2	0.036668404	1.47	2.55
GNA11	0.084345781	1.47	2.55
GNA12	0.223418975	1.47	2.55
GNA13	0.116694015	1.47	2.55
GNA14	0.073954765	1.47	2.55
GNA15	0.204979283	1.47	2.55
GNAI1	-0.207104454	1.47	2.55
GNAI2	-0.139902317	1.47	2.55
GNAQ	0.077050251	1.47	2.55
GNAS	0.017047844	1.47	2.55
GNAZ	-0.043205092	1.47	2.55
GoA	-0.264845103	1.47	2.55
GoB	-0.125211398	1.47	2.55
Barr1-GRK2	0.011849143	1.49	2.54
Barr2	0.011436561	1.49	2.54
Barr2-GRK2	0.041627367	1.49	2.54
GNA11	-0.086313381	1.49	2.54
GNA12	-0.553564902	1.49	2.54
GNA13	-0.500399618	1.49	2.54
GNA14	-0.035700302	1.49	2.54
GNA15	0.244541662	1.49	2.54
GNAI1	-0.270667462	1.49	2.54
GNAI2	-0.293893312	1.49	2.54
GNAQ	-0.097723244	1.49	2.54
GNAS	0.097132944	1.49	2.54
GNAZ	-0.163251593	1.49	2.54
GoA	-0.488114007	1.49	2.54
GoB	-0.169353498	1.49	2.54
Barr1-GRK2	-0.074163726	1.5	2.47
Barr2	0.022528295	1.5	2.47
Barr2-GRK2	-0.085457803	1.5	2.47
GNA11	0.067153199	1.5	2.47
GNA12	0.312182908	1.5	2.47
GNA13	0.210016074	1.5	2.47
GNA14	-0.139254548	1.5	2.47
GNA15	0.035448222	1.5	2.47
GNAI1	-0.164801373	1.5	2.47
GNAI2	-0.191781731	1.5	2.47
GNAQ	-0.047038593	1.5	2.47
GNAS	0.052272354	1.5	2.47
GNAZ	-0.439751069	1.5	2.47
GoA	-0.446779984	1.5	2.47
GoB	-0.226626878	1.5	2.47
Barr1-GRK2	-0.061802178	1.5	2.54
Barr2	-0.004674941	1.5	2.54
Barr2-GRK2	0.012199607	1.5	2.54
GNA11	-0.145715383	1.5	2.54
GNA12	-0.160845596	1.5	2.54
GNA13	-0.06035849	1.5	2.54
GNA14	-0.092497206	1.5	2.54
GNA15	0.210529656	1.5	2.54
GNAI1	-0.369965542	1.5	2.54
GNAI2	-0.393255664	1.5	2.54
GNAQ	-0.112740888	1.5	2.54
GNAS	0.081958795	1.5	2.54
GNAZ	-0.275727115	1.5	2.54
GoA	-0.468252617	1.5	2.54
GoB	-0.21855208	1.5	2.54
Barr1-GRK2	-0.01097461	1.51	2.51
Barr2	-0.022523604	1.51	2.51
Barr2-GRK2	-0.003819165	1.51	2.51
GNA11	-0.256803346	1.51	2.51
GNA12	-0.124806495	1.51	2.51
GNA13	0.066800038	1.51	2.51
GNA14	-0.218285739	1.51	2.51
GNA15	0.035448222	1.51	2.51
GNAI1	-0.224565373	1.51	2.51
GNAI2	-0.15622562	1.51	2.51
GNAQ	-0.129377752	1.51	2.51
GNAS	-0.031785559	1.51	2.51
GNAZ	-0.106102492	1.51	2.51
GoA	-0.140462149	1.51	2.51
GoB	-0.083384066	1.51	2.51
Barr1-GRK2	0.046308861	1.51	2.54
Barr2	0.051572557	1.51	2.54
Barr2-GRK2	0.08845846	1.51	2.54
GNA11	-0.577556212	1.51	2.54
GNA12	-0.744549216	1.51	2.54
GNA13	-0.753050612	1.51	2.54
GNA14	-0.420492123	1.51	2.54
GNA15	0.117931626	1.51	2.54
GNAI1	-0.550307989	1.51	2.54
GNAI2	-0.589406483	1.51	2.54
GNAQ	-0.477410235	1.51	2.54
GNAS	0.165912573	1.51	2.54
GNAZ	-0.139704343	1.51	2.54
GoA	-0.758305486	1.51	2.54
GoB	-0.177644104	1.51	2.54
Barr1-GRK2	-0.041952243	1.53	2.47
Barr2	-0.042409155	1.53	2.47
Barr2-GRK2	-0.103583076	1.53	2.47
GNA11	0.234714443	1.53	2.47
GNA12	0.427171211	1.53	2.47
GNA13	0.45545486	1.53	2.47
GNA14	0.067522411	1.53	2.47
GNA15	-0.162089629	1.53	2.47
GNAI1	0.144483985	1.53	2.47
GNAI2	0.152204652	1.53	2.47
GNAQ	0.168393322	1.53	2.47
GNAS	-0.135690851	1.53	2.47
GNAZ	0.078528785	1.53	2.47
GoA	-0.005249376	1.53	2.47
GoB	0.003200754	1.53	2.47
Barr1-GRK2	-0.0254997	1.53	2.54
Barr2	0.058406129	1.53	2.54
Barr2-GRK2	0.043561834	1.53	2.54
GNA11	-0.073039056	1.53	2.54
GNA12	-0.61455201	1.53	2.54
GNA13	-0.581078776	1.53	2.54
GNA14	-0.145881169	1.53	2.54
GNA15	0.259816649	1.53	2.54
GNAI1	-0.248477722	1.53	2.54
GNAI2	-0.335715492	1.53	2.54
GNAQ	-0.17510485	1.53	2.54
GNAS	-0.01977994	1.53	2.54
GNAZ	-0.386534796	1.53	2.54
GoA	-0.390483265	1.53	2.54
GoB	-0.166119374	1.53	2.54
Barr1-GRK2	0.05161482	1.54	2.44
Barr2	0.053404289	1.54	2.44
Barr2-GRK2	0.0550096	1.54	2.44
GNA11	0.037557772	1.54	2.44
GNA12	0.097584407	1.54	2.44
GNA13	0.052451635	1.54	2.44
GNA14	0.049117463	1.54	2.44
GNA15	0.053862724	1.54	2.44
GNAI1	-0.035293492	1.54	2.44
GNAI2	-0.017740475	1.54	2.44
GNAQ	0.043618672	1.54	2.44
GNAS	-0.007200509	1.54	2.44
GNAZ	-0.022700137	1.54	2.44
GoA	-0.052158507	1.54	2.44
GoB	-0.014922446	1.54	2.44
Barr1-GRK2	0.093467381	1.54	2.47
Barr2	0.043243323	1.54	2.47
Barr2-GRK2	0.02826621	1.54	2.47
GNA11	0.232242231	1.54	2.47
GNA12	0.227288893	1.54	2.47
GNA13	0.273930213	1.54	2.47
GNA14	0.146788717	1.54	2.47
GNA15	0.007347332	1.54	2.47
GNAI1	0.14998007	1.54	2.47
GNAI2	0.177839098	1.54	2.47
GNAQ	0.180005137	1.54	2.47
GNAS	-0.168983011	1.54	2.47
GNAZ	0.113101873	1.54	2.47
GoA	0.047792899	1.54	2.47
GoB	0.046237075	1.54	2.47
Barr1-GRK2	-0.044462523	1.54	2.48
Barr2	0.068044778	1.54	2.48
Barr2-GRK2	-0.023523846	1.54	2.48
GNA11	-0.008261902	1.54	2.48
GNA12	-0.130925364	1.54	2.48
GNA13	0.224036236	1.54	2.48
GNA14	0.042759664	1.54	2.48
GNA15	0.094394989	1.54	2.48
GNAI1	-0.140194384	1.54	2.48
GNAI2	-0.150683827	1.54	2.48
GNAQ	0.021431824	1.54	2.48
GNAS	0.201955741	1.54	2.48
GNAZ	0.209601124	1.54	2.48
GoA	-0.110475105	1.54	2.48
GoB	-0.029742371	1.54	2.48
Barr1-GRK2	0.221826955	1.54	2.51
Barr2	0.107463906	1.54	2.51
Barr2-GRK2	0.093049334	1.54	2.51
GNA11	0.228297946	1.54	2.51
GNA12	0.545420076	1.54	2.51
GNA13	0.644888387	1.54	2.51
GNA14	0.096143627	1.54	2.51
GNA15	0.146032517	1.54	2.51
GNAI1	0.056914341	1.54	2.51
GNAI2	0.132239966	1.54	2.51
GNAQ	0.19821252	1.54	2.51
GNAS	-0.064188967	1.54	2.51
GNAZ	0.247350605	1.54	2.51
GoA	-0.00139071	1.54	2.51
GoB	0.112716927	1.54	2.51
Barr1-GRK2	0.072005044	1.54	2.54
Barr2	0.065812991	1.54	2.54
Barr2-GRK2	0.093049334	1.54	2.54
GNA11	-0.120965107	1.54	2.54
GNA12	-0.016546417	1.54	2.54
GNA13	-0.098530743	1.54	2.54
GNA14	-0.066083093	1.54	2.54
GNA15	0.250943267	1.54	2.54
GNAI1	-0.244915927	1.54	2.54
GNAI2	-0.265384786	1.54	2.54
GNAQ	-0.129377752	1.54	2.54
GNAS	0.114676631	1.54	2.54
GNAZ	-0.139704343	1.54	2.54
GoA	-0.446779984	1.54	2.54
GoB	-0.083384066	1.54	2.54
Barr1-GRK2	-0.103112918	1.55	8.57
Barr2	-0.064705232	1.55	8.57
Barr2-GRK2	-0.003819165	1.55	8.57
GNA11	-0.696201869	1.55	8.57
GNA12	-0.172511211	1.55	8.57
GNA13	-0.191852802	1.55	8.57
GNA14	-0.408226589	1.55	8.57
GNA15	0.230387203	1.55	8.57
GNAI1	-0.376250716	1.55	8.57
GNAI2	-0.646946656	1.55	8.57
GNAQ	-0.327268857	1.55	8.57
GNAS	0.036799395	1.55	8.57
GNAZ	-0.727389263	1.55	8.57
GoA	-0.398142625	1.55	8.57
GoB	-0.245332944	1.55	8.57
Barr1-GRK2	0.073581105	1.56	8.5
Barr2	0.024049479	1.56	8.5
Barr2-GRK2	-0.04288582	1.56	8.5
GNA11	0.373802272	1.56	8.5
GNA12	0.502361483	1.56	8.5
GNA13	0.587926661	1.56	8.5
GNA14	0.129616758	1.56	8.5
GNA15	-0.119141884	1.56	8.5
GNAI1	-0.001686746	1.56	8.5
GNAI2	0.012654533	1.56	8.5
GNAQ	0.233086719	1.56	8.5
GNAS	-0.113619372	1.56	8.5
GNAZ	-0.089014084	1.56	8.5
GoA	-0.043655541	1.56	8.5
GoB	-0.062112543	1.56	8.5
Barr1-GRK2	-0.089308742	1.56	8.54
Barr2	-0.048233012	1.56	8.54
Barr2-GRK2	0.015542809	1.56	8.54
GNA11	-0.181849784	1.56	8.54
GNA12	-0.278741887	1.56	8.54
GNA13	-0.249841361	1.56	8.54
GNA14	-0.205378852	1.56	8.54
GNA15	0.02945902	1.56	8.54
GNAI1	-0.208653124	1.56	8.54
GNAI2	-0.277325827	1.56	8.54
GNAQ	-0.192164782	1.56	8.54
GNAS	0.027563409	1.56	8.54
GNAZ	-0.220546704	1.56	8.54
GoA	-0.370448411	1.56	8.54
GoB	-0.212962773	1.56	8.54
Barr1-GRK2	-0.294127908	1.56	8.57
Barr2	-0.064705232	1.56	8.57
Barr2-GRK2	-0.003819165	1.56	8.57
GNA11	-0.444921651	1.56	8.57
GNA12	0.060725956	1.56	8.57
GNA13	0.169022788	1.56	8.57
GNA14	-0.408226589	1.56	8.57
GNA15	0.113480457	1.56	8.57
GNAI1	-0.376250716	1.56	8.57
GNAI2	-0.496148761	1.56	8.57
GNAQ	-0.327268857	1.56	8.57
GNAS	-0.025604882	1.56	8.57
GNAZ	-0.427342538	1.56	8.57
GoA	-0.398142625	1.56	8.57
GoB	-0.245332944	1.56	8.57
Barr1-GRK2	0.201588692	1.57	2.39
Barr2	0.065812991	1.57	2.39
Barr2-GRK2	0.093049334	1.57	2.39
GNA11	-0.022982272	1.57	2.39
GNA12	-0.164362939	1.57	2.39
GNA13	-0.098530743	1.57	2.39
GNA14	0.002037901	1.57	2.39
GNA15	-0.041742494	1.57	2.39
GNAI1	0.056914341	1.57	2.39
GNAI2	0.132239966	1.57	2.39
GNAQ	-0.047038593	1.57	2.39
GNAS	-0.22833198	1.57	2.39
GNAZ	-0.009603241	1.57	2.39
GoA	0.12972933	1.57	2.39
GoB	0.049618072	1.57	2.39
Barr1-GRK2	0.032959256	1.57	2.4
Barr2	0.0627769	1.57	2.4
Barr2-GRK2	0.047970891	1.57	2.4
GNA11	0.208007447	1.57	2.4
GNA12	0.297574472	1.57	2.4
GNA13	0.340589208	1.57	2.4
GNA14	0.13079149	1.57	2.4
GNA15	-0.047369214	1.57	2.4
GNAI1	0.064369431	1.57	2.4
GNAI2	0.103731441	1.57	2.4
GNAQ	0.160801477	1.57	2.4
GNAS	-0.129414346	1.57	2.4
GNAZ	0.036407142	1.57	2.4
GoA	0.036843111	1.57	2.4
GoB	-0.035984651	1.57	2.4
Barr1-GRK2	0.004724932	1.57	2.41
Barr2	0.095723176	1.57	2.41
Barr2-GRK2	0.20503164	1.57	2.41
GNA11	0.029403556	1.57	2.41
GNA12	0.021169513	1.57	2.41
GNA13	0.116694015	1.57	2.41
GNA14	0.14207576	1.57	2.41
GNA15	0.013689387	1.57	2.41
GNAI1	0.246260548	1.57	2.41
GNAI2	0.291387117	1.57	2.41
GNAQ	0.039639207	1.57	2.41
GNAS	-0.209499446	1.57	2.41
GNAZ	0.236065876	1.57	2.41
GoA	0.236445138	1.57	2.41
GoB	0.103832719	1.57	2.41
Barr1-GRK2	0.236773992	1.57	2.42
Barr2	0.099773155	1.57	2.42
Barr2-GRK2	0.167794542	1.57	2.42
GNA11	0.185257336	1.57	2.42
GNA12	0.008401591	1.57	2.42
GNA13	0.047474702	1.57	2.42
GNA14	0.316467268	1.57	2.42
GNA15	0.172768992	1.57	2.42
GNAI1	0.313170619	1.57	2.42
GNAI2	0.347625619	1.57	2.42
GNAQ	0.19821252	1.57	2.42
GNAZ	0.266896235	1.57	2.42
GoA	0.442013297	1.57	2.42
GoB	0.169990306	1.57	2.42
Barr1-GRK2	0.149656891	1.57	2.43
Barr2	0.097476342	1.57	2.43
Barr2-GRK2	0.006165525	1.57	2.43
GNA11	0.423417884	1.57	2.43
GNA12	0.45266231	1.57	2.43
GNA13	0.395854689	1.57	2.43
GNA14	0.353137474	1.57	2.43
GNA15	0.084003885	1.57	2.43
GNAI1	0.039878859	1.57	2.43
GNAI2	0.117921494	1.57	2.43
GNAQ	0.376455464	1.57	2.43
GNAS	-0.212244042	1.57	2.43
GNAZ	-0.004560337	1.57	2.43
GoA	0.031199871	1.57	2.43
GoB	-0.0391983	1.57	2.43
Barr1-GRK2	0.052011776	1.57	2.44
Barr2	0.051572557	1.57	2.44
Barr2-GRK2	0.052459951	1.57	2.44
GNA11	0.019980135	1.57	2.44
GNA12	0.014384985	1.57	2.44
GNA13	0.003692007	1.57	2.44
GNA14	0.028022632	1.57	2.44
GNA15	0.072977921	1.57	2.44
GNAI1	-0.038417821	1.57	2.44
GNAI2	-0.017191202	1.57	2.44
GNAQ	0.024285335	1.57	2.44
GNAS	0.017047844	1.57	2.44
GNAZ	-0.020022931	1.57	2.44
GoA	-0.052942906	1.57	2.44
GoB	-0.024579433	1.57	2.44
Barr1-GRK2	-0.344458224	1.57	2.47
Barr2	-0.178220522	1.57	2.47
Barr2-GRK2	-0.398113487	1.57	2.47
GNA11	0.142106761	1.57	2.47
GNA12	0.431041129	1.57	2.47
GNA13	0.058705455	1.57	2.47
GNA14	0.042759664	1.57	2.47
GNA15	0.218391208	1.57	2.47
GNAI1	-0.430368838	1.57	2.47
GNAI2	-0.277325827	1.57	2.47
GNAQ	0.142594093	1.57	2.47
GNAS	0.057564279	1.57	2.47
GNAZ	-0.650694532	1.57	2.47
GoA	-0.464093094	1.57	2.47
GoB	-0.278276069	1.57	2.47
Barr1-GRK2	-0.048467543	1.57	ICL1.5
Barr2	0.011436561	1.57	ICL1.5
Barr2-GRK2	0.093049334	1.57	ICL1.5
GNA11	-0.173350934	1.57	ICL1.5
GNA12	-0.397600107	1.57	ICL1.5
GNA13	-0.191852802	1.57	ICL1.5
GNA14	-0.101991152	1.57	ICL1.5
GNA15	0.091487652	1.57	ICL1.5
GNAI1	-0.106876561	1.57	ICL1.5
GNAI2	-0.104346206	1.57	ICL1.5
GNAQ	-0.129377752	1.57	ICL1.5
GNAS	0.076814806	1.57	ICL1.5
GNAZ	-0.156792752	1.57	ICL1.5
GoA	-0.140462149	1.57	ICL1.5
GoB	-0.135816772	1.57	ICL1.5
Barr1-GRK2	0.081727729	1.58	2.44
Barr2	0.063903616	1.58	2.44
Barr2-GRK2	0.064899024	1.58	2.44
GNA11	0.032562302	1.58	2.44
GNA12	0.023443697	1.58	2.44
GNA13	0.054680959	1.58	2.44
GNA14	0.039054734	1.58	2.44
GNA15	0.068376544	1.58	2.44
GNAI1	-0.017385112	1.58	2.44
GNAI2	0.000486975	1.58	2.44
GNAQ	0.035779202	1.58	2.44
GNAS	-0.006359049	1.58	2.44
GNAZ	-0.003316394	1.58	2.44
GoA	-0.027311621	1.58	2.44
GoB	-0.003783262	1.58	2.44
Barr1-GRK2	-0.239482532	1.59	8.57
Barr2	-0.01723046	1.59	8.57
Barr2-GRK2	-0.092929546	1.59	8.57
GNA11	-0.211100577	1.59	8.57
GNA12	0.028927909	1.59	8.57
GNA13	0.030846042	1.59	8.57
GNA14	-0.26693414	1.59	8.57
GNA15	0.009056743	1.59	8.57
GNAI1	-0.600753119	1.59	8.57
GNAI2	-0.773588656	1.59	8.57
GNAQ	-0.180062403	1.59	8.57
GNAS	0.032326129	1.59	8.57
GNAZ	-0.962144321	1.59	8.57
GoA	-0.671730072	1.59	8.57
GoB	-0.293679506	1.59	8.57
Barr1-GRK2	0.025327869	1.6	2.4
Barr2	0.022528295	1.6	2.4
Barr2-GRK2	-0.038076804	1.6	2.4
GNA11	0.433608834	1.6	2.4
GNA12	0.474875927	1.6	2.4
GNA13	0.449343578	1.6	2.4
GNA14	0.286084477	1.6	2.4
GNA15	0.109831373	1.6	2.4
GNAI1	-0.087957729	1.6	2.4
GNAI2	-0.054114039	1.6	2.4
GNAQ	0.34333871	1.6	2.4
GNAS	-0.165927703	1.6	2.4
GNAZ	-0.209261975	1.6	2.4
GoA	-0.140462149	1.6	2.4
GoB	-0.153627797	1.6	2.4
Barr1-GRK2	-0.006485275	1.6	8.53
Barr2	0.055411234	1.6	8.53
Barr2-GRK2	0.108033214	1.6	8.53
GNA11	-0.267416923	1.6	8.53
GNA12	0.040706513	1.6	8.53
GNA13	-0.022791489	1.6	8.53
GNA14	-0.088702085	1.6	8.53
GNA15	0.235922554	1.6	8.53
GNAI1	-0.217174677	1.6	8.53
GNAI2	-0.270907236	1.6	8.53
GNAQ	-0.194096596	1.6	8.53
GNAS	0.054733313	1.6	8.53
GNAZ	-0.158050824	1.6	8.53
GoA	-0.284784966	1.6	8.53
GoB	-0.113896847	1.6	8.53
Barr1-GRK2	0.046308861	1.6	8.56
Barr2	-0.002273159	1.6	8.56
Barr2-GRK2	0.08845846	1.6	8.56
GNA11	-0.577556212	1.6	8.56
GNA12	-0.182582723	1.6	8.56
GNA13	-0.318178299	1.6	8.56
GNA14	-0.200168483	1.6	8.56
GNA15	0.117931626	1.6	8.56
GNAI1	-0.226815712	1.6	8.56
GNAI2	-0.191781731	1.6	8.56
GNAQ	-0.340047783	1.6	8.56
GNAS	0.017047844	1.6	8.56
GNAZ	-0.139704343	1.6	8.56
GoA	-0.216035258	1.6	8.56
GoB	-0.177644104	1.6	8.56
Barr1-GRK2	0.021749049	2.38	4.42
Barr2	-0.064705232	2.38	4.42
Barr2-GRK2	-0.041561269	2.38	4.42
GNA11	0.152614696	2.38	4.42
GNA12	0.241638759	2.38	4.42
GNA13	0.312238824	2.38	4.42
GNA14	0.045498536	2.38	4.42
GNA15	-0.010515762	2.38	4.42
GNAI1	0.072536073	2.38	4.42
GNAI2	0.096683855	2.38	4.42
GNAQ	0.145447605	2.38	4.42
GNAS	-0.099413477	2.38	4.42
GNAZ	0.036407142	2.38	4.42
GoA	0.078177134	2.38	4.42
GoB	-0.01237455	2.38	4.42
Barr1-GRK2	-0.235477513	2.39	3.49
Barr2	-0.089883927	2.39	3.49
Barr2-GRK2	-0.195137553	2.39	3.49
GNA11	-0.387160671	2.39	3.49
GNA12	0.102311804	2.39	3.49
GNA13	0.367252272	2.39	3.49
GNA14	-0.357581499	2.39	3.49
GNA15	-0.178718267	2.39	3.49
GNAI1	0.111166162	2.39	3.49
GNAI2	0.075727518	2.39	3.49
GNAQ	-0.274503941	2.39	3.49
GNAS	-0.168983011	2.39	3.49
GNAZ	-0.350647807	2.39	3.49
GoA	-0.110475105	2.39	3.49
GoB	-0.149863917	2.39	3.49
Barr1-GRK2	0.08271643	2.41	4.42
Barr2	0.032866715	2.41	4.42
Barr2-GRK2	-0.071311673	2.41	4.42
GNA11	0.625965354	2.41	4.42
GNA12	0.646193987	2.41	4.42
GNA13	0.343328743	2.41	4.42
GNA14	0.350714497	2.41	4.42
GNA15	-0.102801095	2.41	4.42
GNAI1	0.199050353	2.41	4.42
GNAI2	0.251706533	2.41	4.42
GNAQ	0.463438831	2.41	4.42
GNAS	-0.123955929	2.41	4.42
GNAZ	-0.184341074	2.41	4.42
GoA	-0.02532807	2.41	4.42
GoB	-0.071258694	2.41	4.42
Barr1-GRK2	-0.008806965	2.42	3.46
Barr2	0.032866715	2.42	3.46
Barr2-GRK2	0.017798707	2.42	3.46
GNA11	0.219431033	2.42	3.46
GNA12	0.2573819	2.42	3.46
GNA13	0.235986522	2.42	3.46
GNA14	0.223135641	2.42	3.46
GNA15	0.096899963	2.42	3.46
GNAI1	0.023816207	2.42	3.46
GNAI2	0.025295189	2.42	3.46
GNAQ	0.218187717	2.42	3.46
GNAS	-0.03362151	2.42	3.46
GNAZ	0.026602389	2.42	3.46
GoA	-0.084915217	2.42	3.46
GoB	0.015326126	2.42	3.46
Barr1-GRK2	0.089462361	2.42	3.49
Barr2	-0.01723046	2.42	3.49
Barr2-GRK2	-0.092929546	2.42	3.49
GNA11	0.335625999	2.42	3.49
GNA12	0.4099816	2.42	3.49
GNA13	0.551566328	2.42	3.49
GNA14	0.169315081	2.42	3.49
GNA15	0.009056743	2.42	3.49
GNAI1	0.203870862	2.42	3.49
GNAI2	0.255758214	2.42	3.49
GNAQ	0.274446674	2.42	3.49
GNAS	-0.295959897	2.42	3.49
GNAZ	0.07426282	2.42	3.49
GoA	0.30881632	2.42	3.49
GoB	0.141133326	2.42	3.49
Barr1-GRK2	-0.268431725	2.42	4.42
Barr2	-0.084590784	2.42	4.42
Barr2-GRK2	-0.051200164	2.42	4.42
GNA11	0.101804925	2.42	4.42
GNA12	0.13337868	2.42	4.42
GNA13	0.149697453	2.42	4.42
GNA14	-0.035700302	2.42	4.42
GNA15	-0.05902344	2.42	4.42
GNAI1	-0.030032917	2.42	4.42
GNAI2	-0.072764711	2.42	4.42
GNAQ	0.060850069	2.42	4.42
GNAS	-0.15347052	2.42	4.42
GNAZ	-0.312898326	2.42	4.42
GoA	-0.167503439	2.42	4.42
GoB	-0.245332944	2.42	4.42
Barr1-GRK2	0.246342516	2.43	3.46
Barr2	0.262021311	2.43	3.46
Barr2-GRK2	0.248960589	2.43	3.46
GNA11	0.267357083	2.43	3.46
GNA12	0.192487573	2.43	3.46
GNA13	-0.017546847	2.43	3.46
GNA14	0.436626294	2.43	3.46
GNA15	0.189884667	2.43	3.46
GNAI1	0.320538173	2.43	3.46
GNAI2	0.251706533	2.43	3.46
GNAQ	0.365394171	2.43	3.46
GNAS	-0.685164596	2.43	3.46
GNAZ	0.375907857	2.43	3.46
GoA	0.302941858	2.43	3.46
GoB	0.290111853	2.43	3.46
Barr1-GRK2	-0.010370099	2.45	3.42
Barr2	0.041185485	2.45	3.42
Barr2-GRK2	0.002247801	2.45	3.42
GNA11	-0.032250573	2.45	3.42
GNA12	0.228237689	2.45	3.42
GNA13	0.151294664	2.45	3.42
GNA14	-0.024205844	2.45	3.42
GNA15	0.119388919	2.45	3.42
GNAI1	-0.096618182	2.45	3.42
GNAI2	-0.103509738	2.45	3.42
GNAQ	-0.006343434	2.45	3.42
GNAS	0.030107896	2.45	3.42
GNAZ	-0.127498403	2.45	3.42
GoA	-0.212080125	2.45	3.42
GoB	-0.079996916	2.45	3.42
Barr1-GRK2	-0.487846047	2.45	4.5
Barr2	-0.158686945	2.45	4.5
Barr2-GRK2	-0.175432872	2.45	4.5
GNA11	-0.161918428	2.45	4.5
GNA12	0.241638759	2.45	4.5
GNA13	0.190690739	2.45	4.5
GNA14	-0.236076541	2.45	4.5
GNA15	-0.242308194	2.45	4.5
GNAI1	-0.019306917	2.45	4.5
GNAI2	-0.082622565	2.45	4.5
GNAQ	-0.147913214	2.45	4.5
GNAS	-0.099413477	2.45	4.5
GNAZ	-0.370193437	2.45	4.5
GoA	-0.181796172	2.45	4.5
GoB	-0.245332944	2.45	4.5
Barr1-GRK2	0.08271643	2.46	3.46
Barr2	-0.055469879	2.46	3.46
Barr2-GRK2	0.100302034	2.46	3.46
GNA11	0.267357083	2.46	3.46
GNA12	-0.36947892	2.46	3.46
GNA13	-0.017546847	2.46	3.46
GNA14	0.152579718	2.46	3.46
GNA15	0.048772772	2.46	3.46
GNAI1	-0.564200362	2.46	3.46
GNAI2	-0.556511736	2.46	3.46
GNAQ	0.135848558	2.46	3.46
GNAS	-0.123955929	2.46	3.46
GNAZ	-0.054239972	2.46	3.46
GoA	-0.86887996	2.46	3.46
GoB	-0.358169793	2.46	3.46
Barr1-GRK2	0.152036563	2.49	3.35
Barr2	0.099773155	2.49	3.35
Barr2-GRK2	-0.100687664	2.49	3.35
GNA11	0.468260559	2.49	3.35
GNA12	0.570368084	2.49	3.35
GNA13	0.677891825	2.49	3.35
GNA14	0.316467268	2.49	3.35
GNA15	-0.142517124	2.49	3.35
GNAI1	0.043796463	2.49	3.35
GNAI2	0.121214275	2.49	3.35
GNAQ	0.427758133	2.49	3.35
GNAS	-0.099413477	2.49	3.35
GNAZ	-0.236203595	2.49	3.35
GoA	-0.069872697	2.49	3.35
GoB	-0.096354418	2.49	3.35
Barr1-GRK2	-0.086393062	2.49	3.38
Barr2	0.003581594	2.49	3.38
Barr2-GRK2	-0.044014341	2.49	3.38
GNA11	0.154023192	2.49	3.38
GNA12	0.383684821	2.49	3.38
GNA13	0.265599863	2.49	3.38
GNA14	0.031019183	2.49	3.38
GNA15	0.011127945	2.49	3.38
GNAI1	0.034531106	2.49	3.38
GNAI2	0.027882565	2.49	3.38
GNAQ	0.130362197	2.49	3.38
GNAS	-0.058487091	2.49	3.38
GNAZ	-0.155696148	2.49	3.38
GoA	-0.086199998	2.49	3.38
GoB	-0.105515575	2.49	3.38
Barr1-GRK2	0.186291714	2.49	3.39
Barr2	0.069754489	2.49	3.39
Barr2-GRK2	0.021774731	2.49	3.39
GNA11	0.071174961	2.49	3.39
GNA12	0.260277425	2.49	3.39
GNA13	0.234672955	2.49	3.39
GNA14	0.072910489	2.49	3.39
GNA15	0.024850731	2.49	3.39
GNAI1	0.298521456	2.49	3.39
GNAI2	0.335312869	2.49	3.39
GNAQ	0.07105204	2.49	3.39
GNAS	-0.090106711	2.49	3.39
GNAZ	0.158760976	2.49	3.39
GoA	0.245319332	2.49	3.39
GoB	0.155505891	2.49	3.39
Barr1-GRK2	-0.184649944	2.5	3.39
Barr2	-0.048233012	2.5	3.39
Barr2-GRK2	-0.064011415	2.5	3.39
GNA11	-0.091714313	2.5	3.39
GNA12	-0.005948275	2.5	3.39
GNA13	-0.034616604	2.5	3.39
GNA14	-0.073534923	2.5	3.39
GNA15	0.02945902	2.5	3.39
GNAI1	-0.140194384	2.5	3.39
GNAI2	-0.150683827	2.5	3.39
GNAQ	-0.044958329	2.5	3.39
GNAS	0.027563409	2.5	3.39
GNAZ	-0.220546704	2.5	3.39
GoA	-0.370448411	2.5	3.39
GoB	-0.212962773	2.5	3.39
Barr1-GRK2	-0.403108619	2.5	7.46
Barr2	-0.189776839	2.5	7.46
Barr2-GRK2	-0.324091427	2.5	7.46
GNA11	-0.193641433	2.5	7.46
GNA12	0.008401591	2.5	7.46
GNA13	0.243019512	2.5	7.46
GNA14	-0.187902949	2.5	7.46
GNA15	0.021195125	2.5	7.46
GNAI1	-0.648411561	2.5	7.46
GNAI2	-0.858217403	2.5	7.46
GNAQ	-0.097723244	2.5	7.46
GNAS	0.064729536	2.5	7.46
GNAZ	-1	2.5	7.46
GoA	-1	2.5	7.46
GoB	-1	2.5	7.46
Barr1-GRK2	-0.241794833	2.52	3.35
Barr2	-0.118550949	2.52	3.35
Barr2-GRK2	-0.186735359	2.52	3.35
GNA11	-0.022982272	2.52	3.35
GNA12	0.216690751	2.52	3.35
GNA13	0.014471265	2.52	3.35
GNA14	-0.139254548	2.52	3.35
GNA15	-0.041742494	2.52	3.35
GNAI1	-0.328592275	2.52	3.35
GNAI2	-0.342579625	2.52	3.35
GNAQ	-0.047038593	2.52	3.35
GNAS	0.142606773	2.52	3.35
GNAZ	-0.815521289	2.52	3.35
GoA	-0.676369055	2.52	3.35
GoB	-0.464555203	2.52	3.35
Barr1-GRK2	-0.120840902	2.53	3.35
Barr2	-0.033615338	2.53	3.35
Barr2-GRK2	0.010926553	2.53	3.35
GNA11	0.191673833	2.53	3.35
GNA12	0.333519568	2.53	3.35
GNA13	0.312238824	2.53	3.35
GNA14	0.1348687	2.53	3.35
GNA15	0.184423218	2.53	3.35
GNAI1	-0.081943642	2.53	3.35
GNAI2	-0.070015483	2.53	3.35
GNAQ	0.066711568	2.53	3.35
GNAS	-0.053535024	2.53	3.35
GNAZ	-0.200742183	2.53	3.35
GoA	-0.039488462	2.53	3.35
GoB	-0.220680425	2.53	3.35
Barr1-GRK2	-0.472428753	2.53	7.46
Barr2	-0.151497224	2.53	7.46
Barr2-GRK2	-0.071311673	2.53	7.46
GNA11	-0.261910349	2.53	7.46
GNA12	0.192487573	2.53	7.46
GNA13	0.177997962	2.53	7.46
GNA14	-0.427778967	2.53	7.46
GNA15	0.048772772	2.53	7.46
GNAI1	-0.564200362	2.53	7.46
GNAI2	-0.556511736	2.53	7.46
GNAQ	-0.347639628	2.53	7.46
GNAS	0.040187084	2.53	7.46
GNAZ	-0.4843878	2.53	7.46
GoA	-0.86887996	2.53	7.46
GoB	-0.358169793	2.53	7.46
Barr1-GRK2	-0.008806965	2.551	3.35
Barr2	0.032866715	2.551	3.35
Barr2-GRK2	0.100302034	2.551	3.35
GNA11	-0.261910349	2.551	3.35
GNA12	0.373400375	2.551	3.35
GNA13	0.343328743	2.551	3.35
GNA14	-0.095558798	2.551	3.35
GNA15	0.189884667	2.551	3.35
GNAI1	0.069177628	2.551	3.35
GNAI2	0.025295189	2.551	3.35
GNAQ	-0.160087206	2.551	3.35
GNAS	0.156648405	2.551	3.35
GNAZ	0.065441441	2.551	3.35
GoA	-0.408546163	2.551	3.35
GoB	0.057153458	2.551	3.35
Barr1-GRK2	0.236773992	2.56	3.28
Barr2	0.099773155	2.56	3.28
Barr2-GRK2	0.085291216	2.56	3.28
GNA11	0.468260559	2.56	3.28
GNA12	0.422551561	2.56	3.28
GNA13	0.408350292	2.56	3.28
GNA14	0.316467268	2.56	3.28
GNA15	-0.32048247	2.56	3.28
GNAI1	0.313170619	2.56	3.28
GNAI2	0.347625619	2.56	3.28
GNAQ	0.427758133	2.56	3.28
GNAS	-0.38001781	2.56	3.28
GNAZ	0.156088554	2.56	3.28
GoA	0.283745292	2.56	3.28
GoB	0.169990306	2.56	3.28
Barr1-GRK2	-0.194636313	2.56	3.32
Barr2	-0.234828738	2.56	3.32
Barr2-GRK2	-0.028837868	2.56	3.32
GNA11	0.408302325	2.56	3.32
GNA12	0.293963124	2.56	3.32
GNA13	0.312238824	2.56	3.32
GNA14	0.159866562	2.56	3.32
GNA15	0.153196486	2.56	3.32
GNAI1	-0.149179642	2.56	3.32
GNAI2	-0.040983836	2.56	3.32
GNAQ	0.264602673	2.56	3.32
GNAS	-0.073286574	2.56	3.32
GNAZ	-0.297241435	2.56	3.32
GoA	-0.58175869	2.56	3.32
GoB	-0.464555203	2.56	3.32
Barr1-GRK2	-0.217279271	2.56	3.35
Barr2	-0.055469879	2.56	3.35
Barr2-GRK2	-0.071311673	2.56	3.35
GNA11	0.116988421	2.56	3.35
GNA12	-0.040749595	2.56	3.35
GNA13	-0.017546847	2.56	3.35
GNA14	0.152579718	2.56	3.35
GNA15	0.189884667	2.56	3.35
GNAI1	-0.220996827	2.56	3.35
GNAI2	-0.239014503	2.56	3.35
GNAQ	0.135848558	2.56	3.35
GNAS	0.040187084	2.56	3.35
GNAZ	-0.326850708	2.56	3.35
GoA	-0.208944136	2.56	3.35
GoB	-0.358169793	2.56	3.35
Barr1-GRK2	0.229649782	2.59	3.24
Barr2	0.118075702	2.59	3.24
Barr2-GRK2	0.043561834	2.59	3.24
GNA11	0.285569214	2.59	3.24
GNA12	-0.052585517	2.59	3.24
GNA13	0.288665851	2.59	3.24
GNA14	0.217196598	2.59	3.24
GNA15	-0.172376212	2.59	3.24
GNAI1	0.075014556	2.59	3.24
GNAI2	0.061909261	2.59	3.24
GNAQ	0.152485422	2.59	3.24
GNAS	-0.24632723	2.59	3.24
GNAZ	0.014578733	2.59	3.24
GoA	0.151786964	2.59	3.24
GoB	0.029981618	2.59	3.24
Barr1-GRK2	0.143492822	2.59	3.28
Barr2	0.091526903	2.59	3.28
Barr2-GRK2	-0.0158548	2.59	3.28
GNA11	0.298701634	2.59	3.28
GNA12	0.4482917	2.59	3.28
GNA13	0.362918823	2.59	3.28
GNA14	0.12749111	2.59	3.28
GNA15	-0.164628812	2.59	3.28
GNAI1	0.174603154	2.59	3.28
GNAI2	0.231158447	2.59	3.28
GNAQ	0.230872099	2.59	3.28
GNAS	-0.276830678	2.59	3.28
GNAZ	0.02024245	2.59	3.28
GoA	0.096602745	2.59	3.28
GoB	0.032981197	2.59	3.28
Barr1-GRK2	0.098006102	2.6	3.28
Barr2	0.047624008	2.6	3.28
Barr2-GRK2	0.032685267	2.6	3.28
GNA11	-0.149475293	2.6	3.28
GNA12	-0.047534122	2.6	3.28
GNA13	0.003692007	2.6	3.28
GNA14	-0.187902949	2.6	3.28
GNA15	-0.142517124	2.6	3.28
GNAI1	-0.04515274	2.6	3.28
GNAI2	-0.005427725	2.6	3.28
GNAQ	-0.168695544	2.6	3.28
GNAS	-0.099413477	2.6	3.28
GNAZ	-0.12112995	2.6	3.28
GoA	-0.069872697	2.6	3.28
GoB	-0.067938019	2.6	3.28
Barr1-GRK2	0.098006102	2.6	3.29
Barr2	-0.025977811	2.6	3.29
Barr2-GRK2	-0.041561269	2.6	3.29
GNA11	-0.066022882	2.6	3.29
GNA12	0.156218113	2.6	3.29
GNA13	0.243019512	2.6	3.29
GNA14	-0.064321518	2.6	3.29
GNA15	-0.075451731	2.6	3.29
GNAI1	0.072536073	2.6	3.29
GNAI2	0.096683855	2.6	3.29
GNAQ	-0.097723244	2.6	3.29
GNAS	-0.142066203	2.6	3.29
GNAZ	0.036407142	2.6	3.29
GoA	-0.069872697	2.6	3.29
GoB	-0.067938019	2.6	3.29
Barr1-GRK2	0.030811966	2.6	3.32
Barr2	-0.139981103	2.6	3.32
Barr2-GRK2	0.024366782	2.6	3.32
GNA11	0.41907841	2.6	3.32
GNA12	0.176744432	2.6	3.32
GNA13	0.270173547	2.6	3.32
GNA14	0.237436076	2.6	3.32
GNA15	0.009056743	2.6	3.32
GNAI1	0.120194514	2.6	3.32
GNAI2	0.111824453	2.6	3.32
GNAQ	0.345418974	2.6	3.32
GNAS	-0.131816884	2.6	3.32
GNAZ	-0.083274271	2.6	3.32
GoA	0.100129227	2.6	3.32
GoB	-0.107400373	2.6	3.32
Barr1-GRK2	0.285438017	2.62	ECL1.51
Barr2	0.174683919	2.62	ECL1.51
Barr2-GRK2	0.103754084	2.62	ECL1.51
GNA11	0.47368752	2.62	ECL1.51
GNA12	0.604873132	2.62	ECL1.51
GNA13	0.597212668	2.62	ECL1.51
GNA14	0.290368053	2.62	ECL1.51
GNA15	0.160025579	2.62	ECL1.51
GNAI1	0.263412447	2.62	ECL1.51
GNAI2	0.305803439	2.62	ECL1.51
GNAQ	0.400566497	2.62	ECL1.51
GNAS	-0.24632723	2.62	ECL1.51
GNAZ	0.014578733	2.62	ECL1.51
GoA	0.26945256	2.62	ECL1.51
GoB	0.207376544	2.62	ECL1.51
Barr1-GRK2	0.12233536	2.62	ECL1.52
Barr2	-0.051644509	2.62	ECL1.52
Barr2-GRK2	-0.003819165	2.62	ECL1.52
GNA11	0.237643164	2.62	ECL1.52
GNA12	0.570368084	2.62	ECL1.52
GNA13	0.551566328	2.62	ECL1.52
GNA14	0.096143627	2.62	ECL1.52
GNA15	-0.383420089	2.62	ECL1.52
GNAI1	0.091454904	2.62	ECL1.52
GNAI2	0.161271613	2.62	ECL1.52
GNAQ	0.19821252	2.62	ECL1.52
GNAS	-0.099413477	2.62	ECL1.52
GNAZ	0.036407142	2.62	ECL1.52
GoA	0.054156221	2.62	ECL1.52
GoB	0.041578154	2.62	ECL1.52
Barr1-GRK2	-0.074163726	2.63	3.29
Barr2	-0.189776839	2.63	3.29
Barr2-GRK2	-0.206795099	2.63	3.29
GNA11	0.011669454	2.63	3.29
GNA12	0.093822236	2.63	3.29
GNA13	0.356021519	2.63	3.29
GNA14	-0.187902949	2.63	3.29
GNA15	-0.259423869	2.63	3.29
GNAI1	-0.214472009	2.63	3.29
GNAI2	-0.191781731	2.63	3.29
GNAQ	-0.097723244	2.63	3.29
GNAS	-0.037009199	2.63	3.29
GNAZ	-0.04905723	2.63	3.29
GoA	-0.488114007	2.63	3.29
GoB	-0.351718355	2.63	3.29
Barr1-GRK2	0.017359669	2.63	ECL1.5
Barr2	-0.030214354	2.63	ECL1.5
Barr2-GRK2	0.185326959	2.63	ECL1.5
GNA11	0.052622775	2.63	ECL1.5
GNA12	0.146146602	2.63	ECL1.5
GNA13	0.116694015	2.63	ECL1.5
GNA14	0.20017268	2.63	ECL1.5
GNA15	-0.068133973	2.63	ECL1.5
GNAI1	0.212942725	2.63	ECL1.5
GNAI2	0.263383194	2.63	ECL1.5
GNAQ	0.077050251	2.63	ECL1.5
GNAS	0.079452122	2.63	ECL1.5
GNAZ	0.381090598	2.63	ECL1.5
GoA	0.319871648	2.63	ECL1.5
GoB	0.290111853	2.63	ECL1.5
Barr1-GRK2	0.320137928	2.65	ECL1.51
Barr2	0.114653627	2.65	ECL1.51
Barr2-GRK2	0.177110793	2.65	ECL1.51
GNA11	0.518637301	2.65	ECL1.51
GNA12	-0.040749595	2.65	ECL1.51
GNA13	0.177997962	2.65	ECL1.51
GNA14	0.436626294	2.65	ECL1.51
GNA15	0.048772772	2.65	ECL1.51
GNAI1	-0.220996827	2.65	ECL1.51
GNAI2	-0.239014503	2.65	ECL1.51
GNAQ	0.552946593	2.65	ECL1.51
GNAS	0.040187084	2.65	ECL1.51
GNAZ	0.176249122	2.65	ECL1.51
GoA	-0.208944136	2.65	ECL1.51
GoB	0.177275005	2.65	ECL1.51
Barr1-GRK2	0.221826955	2.66	3.21
Barr2	0.167133479	2.66	3.21
Barr2-GRK2	0.210345662	2.66	3.21
GNA11	-0.173350934	2.66	3.21
GNA12	-0.578512909	2.66	3.21
GNA13	-0.841949873	2.66	3.21
GNA14	0.261086615	2.66	3.21
GNA15	0.350734338	2.66	3.21
GNAI1	0.158690904	2.66	3.21
GNAI2	0.217784062	2.66	3.21
GNAQ	-0.008215483	2.66	3.21
GNAS	-0.00178469	2.66	3.21
GNAZ	0.166508244	2.66	3.21
GoA	0.253758248	2.66	3.21
GoB	0.112716927	2.66	3.21
Barr1-GRK2	0.217620579	2.66	ECL1.51
Barr2	0.101745664	2.66	ECL1.51
Barr2-GRK2	0.11864323	2.66	ECL1.51
GNA11	-0.069770281	2.66	ECL1.51
GNA12	-0.106167829	2.66	ECL1.51
GNA13	-0.269418671	2.66	ECL1.51
GNA14	0.072910489	2.66	ECL1.51
GNA15	0.024850731	2.66	ECL1.51
GNAI1	0.04716091	2.66	ECL1.51
GNAI2	0.078178611	2.66	ECL1.51
GNAQ	0.015433612	2.66	ECL1.51
GNAS	-0.128690795	2.66	ECL1.51
GNAZ	0.200882619	2.66	ECL1.51
GoA	0.051346697	2.66	ECL1.51
GoB	0.155505891	2.66	ECL1.51
Barr1-GRK2	0.262279109	2.66	ECL1.52
Barr2	0.139270669	2.66	ECL1.52
Barr2-GRK2	0.053284913	2.66	ECL1.52
GNA11	0.688833336	2.66	ECL1.52
GNA12	0.431041129	2.66	ECL1.52
GNA13	0.493577769	2.66	ECL1.52
GNA14	0.405837431	2.66	ECL1.52
GNA15	0.094394989	2.66	ECL1.52
GNAI1	-0.279695815	2.66	ECL1.52
GNAI2	-0.150683827	2.66	ECL1.52
GNAQ	0.520869017	2.66	ECL1.52
GNAS	0.111621322	2.66	ECL1.52
GNAZ	-0.220546704	2.66	ECL1.52
GoA	-0.464093094	2.66	ECL1.52
GoB	-0.149863917	2.66	ECL1.52
Barr1-GRK2	0.030811966	3.25	3.46
Barr2	-0.076900033	3.25	3.46
Barr2-GRK2	-0.092929546	3.25	3.46
GNA11	0.040179641	3.25	3.46
GNA12	-0.713951386	3.25	3.46
GNA13	0.030846042	3.25	3.46
GNA14	0.017112435	3.25	3.46
GNA15	-0.195645078	3.25	3.46
GNAI1	0.03262487	3.25	3.46
GNAI2	0.034629613	3.25	3.46
GNAQ	0.115873361	3.25	3.46
GNAS	0.032326129	3.25	3.46
GNAZ	0.07426282	3.25	3.46
GoA	0.100129227	3.25	3.46
GoB	0.061919755	3.25	3.46
Barr1-GRK2	0.060513168	3.25	ECL2.5
Barr2	0.051572557	3.25	ECL2.5
Barr2-GRK2	-0.003819165	3.25	ECL2.5
GNA11	-0.030829636	3.25	ECL2.5
GNA12	0.404331777	3.25	ECL2.5
GNA13	0.356021519	3.25	ECL2.5
GNA14	-0.020150961	3.25	ECL2.5
GNA15	0.140043314	3.25	ECL2.5
GNAI1	0.153178725	3.25	ECL2.5
GNAI2	0.161271613	3.25	ECL2.5
GNAQ	0.010660099	3.25	ECL2.5
GNAS	-0.201152212	3.25	ECL2.5
GNAZ	-0.020022931	3.25	ECL2.5
GoA	-0.069872697	3.25	ECL2.5
GoB	0.011797711	3.25	ECL2.5
Barr1-GRK2	-0.173655321	3.3	4.61
Barr2	-0.118550949	3.3	4.61
Barr2-GRK2	-0.455217565	3.3	4.61
GNA11	0.052622775	3.3	4.61
GNA12	0.474875927	3.3	4.61
GNA13	0.425240832	3.3	4.61
GNA14	-0.020150961	3.3	4.61
GNA15	-0.21970784	3.3	4.61
GNAI1	-0.177919251	3.3	4.61
GNAI2	-0.065139731	3.3	4.61
GNAQ	-0.060312201	3.3	4.61
GNAS	0.017047844	3.3	4.61
GNAZ	-0.41231508	3.3	4.61
GoA	-0.340064176	3.3	4.61
GoB	-0.049231952	3.3	4.61
Barr1-GRK2	0.13430858	3.3	4.62
Barr2	0.082662452	3.3	4.62
Barr2-GRK2	0.068030631	3.3	4.62
GNA11	0.442954051	3.3	4.62
GNA12	0.241638759	3.3	4.62
GNA13	0.438564321	3.3	4.62
GNA14	0.355192341	3.3	4.62
GNA15	0.113480457	3.3	4.62
GNAI1	0.338103538	3.3	4.62
GNAI2	0.368581957	3.3	4.62
GNAQ	0.468104101	3.3	4.62
GNAS	-0.750956563	3.3	4.62
GNAZ	0.223553507	3.3	4.62
GoA	0.348368613	3.3	4.62
GoB	0.09401086	3.3	4.62
Barr1-GRK2	0.046308861	3.33	4.57
Barr2	0.102912897	3.33	4.57
Barr2-GRK2	0.13794596	3.33	4.57
GNA11	0.202991438	3.33	4.57
GNA12	0.271123691	3.33	4.57
GNA13	0.331918772	3.33	4.57
GNA14	0.132051686	3.33	4.57
GNA15	-0.068133973	3.33	4.57
GNAI1	0.212942725	3.33	4.57
GNAI2	0.263383194	3.33	4.57
GNAQ	0.15938941	3.33	4.57
GNAS	0.017047844	3.33	4.57
GNAZ	0.09078475	3.33	4.57
GoA	0.222240906	3.33	4.57
GoB	0.146869041	3.33	4.57
Barr1-GRK2	0.190096816	3.33	4.61
Barr2	0.136508168	3.33	4.61
Barr2-GRK2	0.223625566	3.33	4.61
GNA11	0.191673833	3.33	4.61
GNA12	0.441779647	3.33	4.61
GNA13	0.414461574	3.33	4.61
GNA14	0.1348687	3.33	4.61
GNA15	0.089275308	3.33	4.61
GNAI1	0.357814795	3.33	4.61
GNAI2	0.385149442	3.33	4.61
GNAQ	0.238558489	3.33	4.61
GNAS	-0.396543635	3.33	4.61
GNAZ	0.275416027	3.33	4.61
GoA	0.496418444	3.33	4.61
GoB	0.214132406	3.33	4.61
Barr1-GRK2	0.049571152	3.34	4.54
Barr2	0.042526455	3.34	4.54
Barr2-GRK2	0.027543062	3.34	4.54
GNA11	-0.089242101	3.34	4.54
GNA12	0.168986035	3.34	4.54
GNA13	0.312238824	3.34	4.54
GNA14	0.007663915	3.34	4.54
GNA15	-0.084898913	3.34	4.54
GNAI1	-0.19871955	3.34	4.54
GNAI2	-0.214547309	3.34	4.54
GNAQ	0.039639207	3.34	4.54
GNAS	-0.006772348	3.34	4.54
GNAZ	-0.0975827	3.34	4.54
GoA	-0.373071597	3.34	4.54
GoB	-0.192900239	3.34	4.54
Barr1-GRK2	-0.217279271	3.37	4.53
Barr2	0.032866715	3.37	4.53
Barr2-GRK2	0.017798707	3.37	4.53
GNA11	-0.513190566	3.37	4.53
GNA12	0.373400375	3.37	4.53
GNA13	0.486544779	3.37	4.53
GNA14	-0.648102607	3.37	4.53
GNA15	0.048772772	3.37	4.53
GNAI1	0.069177628	3.37	4.53
GNAI2	0.025295189	3.37	4.53
GNAQ	-0.57718524	3.37	4.53
GNAS	-0.03362151	3.37	4.53
GNAZ	-0.4843878	3.37	4.53
GoA	-0.208944136	3.37	4.53
GoB	-0.209191266	3.37	4.53
Barr1-GRK2	0.08271643	3.37	4.57
Barr2	0.032866715	3.37	4.57
Barr2-GRK2	0.100302034	3.37	4.57
GNA11	0.335625999	3.37	4.57
GNA12	0.373400375	3.37	4.57
GNA13	0.343328743	3.37	4.57
GNA14	0.304782364	3.37	4.57
GNA15	-0.025610378	3.37	4.57
GNAI1	0.320538173	3.37	4.57
GNAI2	0.353818114	3.37	4.57
GNAQ	0.312629255	3.37	4.57
GNAS	-0.24041725	3.37	4.57
GNAZ	0.121871513	3.37	4.57
GoA	0.302941858	3.37	4.57
GoB	0.057153458	3.37	4.57
Barr1-GRK2	-0.194636313	3.38	4.5
Barr2	-0.134430622	3.38	4.5
Barr2-GRK2	-0.200451575	3.38	4.5
GNA11	-0.089242101	3.38	4.5
GNA12	0.060725956	3.38	4.5
GNA13	0.232756016	3.38	4.5
GNA14	-0.124180014	3.38	4.5
GNA15	-0.010515762	3.38	4.5
GNAI1	-0.05384748	3.38	4.5
GNAI2	-0.082622565	3.38	4.5
GNAQ	-0.107567246	3.38	4.5
GNAS	-0.135690851	3.38	4.5
GNAZ	-0.297241435	3.38	4.5
GoA	-0.181796172	3.38	4.5
GoB	-0.192900239	3.38	4.5
Barr1-GRK2	-0.147959138	3.38	4.53
Barr2	-0.051644509	3.38	4.53
Barr2-GRK2	-0.100687664	3.38	4.53
GNA11	0.072554131	3.38	4.53
GNA12	0.241638759	3.38	4.53
GNA13	0.243019512	3.38	4.53
GNA14	0.01023183	3.38	4.53
GNA15	0.021195125	3.38	4.53
GNAI1	-0.055300516	3.38	4.53
GNAI2	-0.049999133	3.38	4.53
GNAQ	0.060850069	3.38	4.53
GNAS	-0.134637986	3.38	4.53
GNAZ	-0.286893854	3.38	4.53
GoA	-0.134496018	3.38	4.53
GoB	-0.194336933	3.38	4.53
Barr1-GRK2	0.025327869	3.41	4.52
Barr2	0.022528295	3.41	4.52
Barr2-GRK2	-0.038076804	3.41	4.52
GNA11	0.228297946	3.41	4.52
GNA12	0.545420076	3.41	4.52
GNA13	0.449343578	3.41	4.52
GNA14	0.125619332	3.41	4.52
GNA15	-0.041742494	3.41	4.52
GNAI1	0.056914341	3.41	4.52
GNAI2	0.132239966	3.41	4.52
GNAQ	0.228921975	3.41	4.52
GNAS	-0.02153624	3.41	4.52
GNAZ	-0.139704343	3.41	4.52
GoA	-0.140462149	3.41	4.52
GoB	-0.083384066	3.41	4.52
Barr1-GRK2	-0.099295112	3.41	4.53
Barr2	-0.004674941	3.41	4.53
Barr2-GRK2	-0.053306665	3.41	4.53
GNA11	-0.073039056	3.41	4.53
GNA12	0.276143808	3.41	4.53
GNA13	0.346654411	3.41	4.53
GNA14	-0.092497206	3.41	4.53
GNA15	-0.055469467	3.41	4.53
GNAI1	-0.134357456	3.41	4.53
GNAI2	-0.124444745	3.41	4.53
GNAQ	0.001675847	3.41	4.53
GNAS	-0.04978081	3.41	4.53
GNAZ	-0.223257891	3.41	4.53
GoA	-0.171843982	3.41	4.53
GoB	-0.115123363	3.41	4.53
Barr1-GRK2	-0.235477513	3.41	4.56
Barr2	-0.089883927	3.41	4.56
Barr2-GRK2	-0.195137553	3.41	4.56
GNA11	0.393386978	3.41	4.56
GNA12	0.102311804	3.41	4.56
GNA13	0.367252272	3.41	4.56
GNA14	0.240894443	3.41	4.56
GNA15	0.094394989	3.41	4.56
GNAI1	-0.140194384	3.41	4.56
GNAI2	-0.277325827	3.41	4.56
GNAQ	0.349022096	3.41	4.56
GNAS	-0.168983011	3.41	4.56
GNAZ	-0.350647807	3.41	4.56
GoA	0.047792899	3.41	4.56
GoB	-0.149863917	3.41	4.56
Barr1-GRK2	0.060513168	3.42	3.5
Barr2	0.011436561	3.42	3.5
Barr2-GRK2	-0.003819165	3.42	3.5
GNA11	0.586906216	3.42	3.5
GNA12	0.570368084	3.42	3.5
GNA13	0.551566328	3.42	3.5
GNA14	0.410572993	3.42	3.5
GNA15	0.313880886	3.42	3.5
GNAI1	0.313170619	3.42	3.5
GNAI2	0.347625619	3.42	3.5
GNAQ	0.525802793	3.42	3.5
GNAS	-0.660622144	3.42	3.5
GNAZ	0.036407142	3.42	3.5
GoA	0.442013297	3.42	3.5
GoB	0.169990306	3.42	3.5
Barr1-GRK2	-0.031010227	3.42	4.46
Barr2	0.001963385	3.42	4.46
Barr2-GRK2	-0.052441977	3.42	4.46
GNA11	0.245490528	3.42	4.46
GNA12	0.4099816	3.42	4.46
GNA13	0.465718356	3.42	4.46
GNA14	0.169315081	3.42	4.46
GNA15	-0.090734327	3.42	4.46
GNAI1	0.230956335	3.42	4.46
GNAI2	0.23266028	3.42	4.46
GNAQ	0.224256705	3.42	4.46
GNAS	-0.369768491	3.42	4.46
GNAZ	0.07426282	3.42	4.46
GoA	0.275327022	3.42	4.46
GoB	0.08870062	3.42	4.46
Barr1-GRK2	0.070768233	3.42	4.49
Barr2	0.021334549	3.42	4.49
Barr2-GRK2	0.006165525	3.42	4.49
GNA11	0.423417884	3.42	4.49
GNA12	0.45266231	3.42	4.49
GNA13	0.460876239	3.42	4.49
GNA14	0.267225678	3.42	4.49
GNA15	-0.27574727	3.42	4.49
GNAI1	0.039878859	3.42	4.49
GNAI2	0.117921494	3.42	4.49
GNAQ	0.376455464	3.42	4.49
GNAS	-0.158186999	3.42	4.49
GNAZ	-0.004560337	3.42	4.49
GoA	-0.132725291	3.42	4.49
GoB	-0.100227963	3.42	4.49
Barr1-GRK2	-0.088193743	3.42	4.5
Barr2	-0.053229029	3.42	4.5
Barr2-GRK2	-0.148605419	3.42	4.5
GNA11	0.124808537	3.42	4.5
GNA12	0.434330165	3.42	4.5
GNA13	0.350776877	3.42	4.5
GNA14	0.021117969	3.42	4.5
GNA15	-0.06101984	3.42	4.5
GNAI1	0.026054504	3.42	4.5
GNAI2	0.057615689	3.42	4.5
GNAQ	0.064428126	3.42	4.5
GNAS	-0.1094097	3.42	4.5
GNAZ	-0.051203992	3.42	4.5
GoA	-0.051297889	3.42	4.5
GoB	-0.058333378	3.42	4.5
Barr1-GRK2	0.192958975	3.43	3.49
Barr2	0.139270669	3.43	3.49
Barr2-GRK2	0.192627217	3.43	3.49
GNA11	-0.181849784	3.43	3.49
GNA12	-0.459654689	3.43	3.49
GNA13	-0.684713675	3.43	3.49
GNA14	0.042759664	3.43	3.49
GNA15	0.094394989	3.43	3.49
GNAI1	-0.59415974	3.43	3.49
GNAI2	-0.414993518	3.43	3.49
GNAQ	0.021431824	3.43	3.49
GNAS	0.275764335	3.43	3.49
GNAZ	-0.100865291	3.43	3.49
GoA	-0.464093094	3.43	3.49
GoB	-0.149863917	3.43	3.49
Barr1-GRK2	0.180985756	3.44	4.49
Barr2	0.127714351	3.44	4.49
Barr2-GRK2	0.185326959	3.44	4.49
GNA11	-0.326275994	3.44	4.49
GNA12	-0.415819891	3.44	4.49
GNA13	-0.318178299	3.44	4.49
GNA14	-0.020150961	3.44	4.49
GNA15	0.072977921	3.44	4.49
GNAI1	0.327062991	3.44	4.49
GNAI2	0.35930228	3.44	4.49
GNAQ	-0.060312201	3.44	4.49
GNAS	-0.263556489	3.44	4.49
GNAZ	0.381090598	3.44	4.49
GoA	0.458943087	3.44	4.49
GoB	0.290111853	3.44	4.49
Barr1-GRK2	0.046308861	3.45	4.45
Barr2	-0.002273159	3.45	4.45
Barr2-GRK2	0.036668404	3.45	4.45
GNA11	0.052622775	3.45	4.45
GNA12	0.075602452	3.45	4.45
GNA13	0.055390068	3.45	4.45
GNA14	0.020155158	3.45	4.45
GNA15	0.027013937	3.45	4.45
GNAI1	-0.177919251	3.45	4.45
GNAI2	-0.106237635	3.45	4.45
GNAQ	0.033269587	3.45	4.45
GNAS	-0.006091395	3.45	4.45
GNAZ	-0.098736864	3.45	4.45
GoA	-0.15644811	3.45	4.45
GoB	-0.133848249	3.45	4.45
Barr1-GRK2	0.180985756	3.45	4.46
Barr2	0.051572557	3.45	4.46
Barr2-GRK2	-0.134945303	3.45	4.46
GNA11	0.561599708	3.45	4.46
GNA12	0.474875927	3.45	4.46
GNA13	0.282024795	3.45	4.46
GNA14	0.294278406	3.45	4.46
GNA15	-0.068133973	3.45	4.46
GNAI1	-0.328592275	3.45	4.46
GNAI2	-0.191781731	3.45	4.46
GNAQ	0.404640523	3.45	4.46
GNAS	-0.263556489	3.45	4.46
GNAZ	-0.139704343	3.45	4.46
GoA	-0.15644811	3.45	4.46
GoB	-0.177644104	3.45	4.46
Barr1-GRK2	0.03787021	3.45	4.49
Barr2	0.053888651	3.45	4.49
Barr2-GRK2	0.059814465	3.45	4.49
GNA11	0.116988421	3.45	4.49
GNA12	0.192487573	3.45	4.49
GNA13	0.177997962	3.45	4.49
GNA14	0.096143627	3.45	4.49
GNA15	0.048772772	3.45	4.49
GNAI1	0.035259451	3.45	4.49
GNAI2	0.055432869	3.45	4.49
GNAQ	0.10318898	3.45	4.49
GNAS	-0.076274237	3.45	4.49
GNAZ	-0.023409613	3.45	4.49
GoA	0.018368036	3.45	4.49
GoB	-0.005945397	3.45	4.49
Barr1-GRK2	0.070768233	3.46	3.53
Barr2	0.060061971	3.46	3.53
Barr2-GRK2	0.082974284	3.46	3.53
GNA11	-0.249801713	3.46	3.53
GNA12	-1	3.46	3.53
GNA13	-0.347564441	3.46	3.53
GNA14	-0.110926623	3.46	3.53
GNA15	0.084003885	3.46	3.53
GNAI1	-0.023937689	3.46	3.53
GNAI2	0.008762328	3.46	3.53
GNAQ	-0.164731414	3.46	3.53
GNAS	0.19198687	3.46	3.53
GNAZ	-0.004560337	3.46	3.53
GoA	0.031199871	3.46	3.53
GoB	-0.0391983	3.46	3.53
Barr1-GRK2	-0.235477513	3.47	5.58
Barr2	-0.008097016	3.47	5.58
Barr2-GRK2	-0.023523846	3.47	5.58
GNA11	-0.387160671	3.47	5.58
GNA12	-0.459654689	3.47	5.58
GNA13	-0.684713675	3.47	5.58
GNA14	-0.537599021	3.47	5.58
GNA15	0.094394989	3.47	5.58
GNAI1	-0.140194384	3.47	5.58
GNAI2	-0.277325827	3.47	5.58
GNAQ	-0.462056363	3.47	5.58
GNAS	-0.078648593	3.47	5.58
GNAZ	-0.650694532	3.47	5.58
GoA	-0.110475105	3.47	5.58
GoB	-0.029742371	3.47	5.58
Barr1-GRK2	-0.031010227	3.48	5.57
Barr2	0.039377756	3.48	5.57
Barr2-GRK2	0.024366782	3.48	5.57
GNA11	-0.078466017	3.48	5.57
GNA12	0.028927909	3.48	5.57
GNA13	0.270173547	3.48	5.57
GNA14	0.017112435	3.48	5.57
GNA15	0.009056743	3.48	5.57
GNAI1	0.120194514	3.48	5.57
GNAI2	0.111824453	3.48	5.57
GNAQ	-0.07167906	3.48	5.57
GNAS	-0.205625478	3.48	5.57
GNAZ	-0.083274271	3.48	5.57
GoA	-0.011794248	3.48	5.57
GoB	-0.020815553	3.48	5.57
Barr1-GRK2	-0.158901154	3.49	4.39
Barr2	-0.118550949	3.49	4.39
Barr2-GRK2	-0.134945303	3.49	4.39
GNA11	0.485994661	3.49	4.39
GNA12	0.474875927	3.49	4.39
GNA13	0.601460305	3.49	4.39
GNA14	0.307018748	3.49	4.39
GNA15	0.013689387	3.49	4.39
GNAI1	0.036888536	3.49	4.39
GNAI2	0.115408102	3.49	4.39
GNAQ	0.417914131	3.49	4.39
GNAS	-0.209499446	3.49	4.39
GNAZ	-0.036544861	3.49	4.39
GoA	0.105325098	3.49	4.39
GoB	0.199301746	3.49	4.39
Barr1-GRK2	-0.344458224	3.49	4.41
Barr2	-0.274247867	3.49	4.41
Barr2-GRK2	-0.398113487	3.49	4.41
GNA11	0.598697866	3.49	4.41
GNA12	0.283224606	3.49	4.41
GNA13	0.367252272	3.49	4.41
GNA14	0.326806239	3.49	4.41
GNA15	-0.037606373	3.49	4.41
GNAI1	0.225286427	3.49	4.41
GNAI2	0.273758184	3.49	4.41
GNAQ	0.438529858	3.49	4.41
GNAS	-0.730191679	3.49	4.41
GNAZ	-0.220546704	3.49	4.41
GoA	0.334914169	3.49	4.41
GoB	0.083094477	3.49	4.41
Barr1-GRK2	0.048904622	3.49	4.42
Barr2	0.044382837	3.49	4.42
Barr2-GRK2	0.007369728	3.49	4.42
GNA11	0.067153199	3.49	4.42
GNA12	0.312182908	3.49	4.42
GNA13	0.253798769	3.49	4.42
GNA14	0.034413352	3.49	4.42
GNA15	-0.002783007	3.49	4.42
GNAI1	0.021728122	3.49	4.42
GNAI2	0.072527961	3.49	4.42
GNAQ	0.065293662	3.49	4.42
GNAS	-0.111870659	3.49	4.42
GNAZ	-0.073239204	3.49	4.42
GoA	0.043153917	3.49	4.42
GoB	-0.015695225	3.49	4.42
Barr1-GRK2	-0.055868423	3.49	4.45
Barr2	-0.049552341	3.49	4.45
Barr2-GRK2	-0.0653423	3.49	4.45
GNA11	0.504012521	3.49	4.45
GNA12	0.362871055	3.49	4.45
GNA13	0.442401631	3.49	4.45
GNA14	0.243785698	3.49	4.45
GNA15	-0.164628812	3.49	4.45
GNAI1	0.103560463	3.49	4.45
GNAI2	0.1093922	3.49	4.45
GNAQ	0.352034369	3.49	4.45
GNAS	-0.203022084	3.49	4.45
GNAZ	-0.115780322	3.49	4.45
GoA	0.096602745	3.49	4.45
GoB	-0.110261615	3.49	4.45
Barr1-GRK2	0.025327869	3.49	4.46
Barr2	0.044382837	3.49	4.46
Barr2-GRK2	-0.1099266	3.49	4.46
GNA11	0.523744304	3.49	4.46
GNA12	0.640912233	3.49	4.46
GNA13	0.644888387	3.49	4.46
GNA14	0.33425807	3.49	4.46
GNA15	-0.081458523	3.49	4.46
GNAI1	-0.050681108	3.49	4.46
GNAI2	0.041805047	3.49	4.46
GNAQ	0.446293595	3.49	4.46
GNAS	-0.064188967	3.49	4.46
GNAZ	-0.009603241	3.49	4.46
GoA	-0.00139071	3.49	4.46
GoB	0.0172479	3.49	4.46
Barr1-GRK2	-0.217279271	3.49	ICL2.53
Barr2	-0.102439447	3.49	ICL2.53
Barr2-GRK2	-0.071311673	3.49	ICL2.53
GNA11	0.033536009	3.49	ICL2.53
GNA12	0.192487573	3.49	ICL2.53
GNA13	0.177997962	3.49	ICL2.53
GNA14	-0.095558798	3.49	ICL2.53
GNA15	0.256950059	3.49	ICL2.53
GNAI1	-0.472357372	3.49	ICL2.53
GNAI2	-0.47096764	3.49	ICL2.53
GNAQ	-0.001513893	3.49	ICL2.53
GNAS	0.072590492	3.49	ICL2.53
GNAZ	-0.326850708	3.49	ICL2.53
GoA	-0.627185446	3.49	ICL2.53
GoB	-0.282190346	3.49	ICL2.53
Barr1-GRK2	0.08271643	3.49	ICL2.57
Barr2	0.032866715	3.49	ICL2.57
Barr2-GRK2	-0.071311673	3.49	ICL2.57
GNA11	0.033536009	3.49	ICL2.57
GNA12	0.192487573	3.49	ICL2.57
GNA13	0.343328743	3.49	ICL2.57
GNA14	0.096143627	3.49	ICL2.57
GNA15	-0.102801095	3.49	ICL2.57
GNAI1	0.135233805	3.49	ICL2.57
GNAI2	0.198068164	3.49	ICL2.57
GNAQ	0.069458406	3.49	ICL2.57
GNAS	-0.314225844	3.49	ICL2.57
GNAZ	0.065441441	3.49	ICL2.57
GoA	0.225172505	3.49	ICL2.57
GoB	0.057153458	3.49	ICL2.57
Barr1-GRK2	-0.003621324	3.51	5.6
Barr2	0.004727615	3.51	5.6
Barr2-GRK2	0.016240575	3.51	5.6
GNA11	0.084345781	3.51	5.6
GNA12	0.196164433	3.51	5.6
GNA13	0.155002626	3.51	5.6
GNA14	0.040762974	3.51	5.6
GNA15	0.035448222	3.51	5.6
GNAI1	0.01461126	3.51	5.6
GNAI2	0.0230808	3.51	5.6
GNAQ	0.05817467	3.51	5.6
GNAS	-0.064188967	3.51	5.6
GNAZ	-0.167140332	3.51	5.6
GoA	-0.028538674	3.51	5.6
GoB	-0.083384066	3.51	5.6
Barr1-GRK2	0.236773992	3.52	3.56
Barr2	0.181560067	3.52	3.56
Barr2-GRK2	-0.003819165	3.52	3.56
GNA11	0.185257336	3.52	3.56
GNA12	0.241638759	3.52	3.56
GNA13	0.408350292	3.52	3.56
GNA14	0.410572993	3.52	3.56
GNA15	0.313880886	3.52	3.56
GNAI1	-0.106876561	3.52	3.56
GNAI2	-0.005427725	3.52	3.56
GNAQ	0.31937479	3.52	3.56
GNAS	-0.009079058	3.52	3.56
GNAZ	-0.093693961	3.52	3.56
GoA	-0.069872697	3.52	3.56
GoB	-0.096354418	3.52	3.56
Barr1-GRK2	-0.044462523	3.52	ICL2.52
Barr2	0.068044778	3.52	ICL2.52
Barr2-GRK2	-0.023523846	3.52	ICL2.52
GNA11	-0.008261902	3.52	ICL2.52
GNA12	0.556018218	3.52	ICL2.52
GNA13	0.606579776	3.52	ICL2.52
GNA14	0.042759664	3.52	ICL2.52
GNA15	0.218391208	3.52	ICL2.52
GNAI1	0.332881876	3.52	ICL2.52
GNAI2	0.364193104	3.52	ICL2.52
GNAQ	0.021431824	3.52	ICL2.52
GNAS	-0.285444332	3.52	ICL2.52
GNAZ	-0.100865291	3.52	ICL2.52
GoA	0.19584273	3.52	ICL2.52
GoB	0.083094477	3.52	ICL2.52
Barr1-GRK2	0.034816985	3.52	ICL2.55
Barr2	-0.013364893	3.52	ICL2.55
Barr2-GRK2	-0.134945303	3.52	ICL2.55
GNA11	-0.120965107	3.52	ICL2.55
GNA12	0.293963124	3.52	ICL2.55
GNA13	0.116694015	3.52	ICL2.55
GNA14	-0.124180014	3.52	ICL2.55
GNA15	-0.383420089	3.52	ICL2.55
GNAI1	-0.52692374	3.52	ICL2.55
GNAI2	-0.358481069	3.52	ICL2.55
GNAQ	-0.031333092	3.52	ICL2.55
GNAS	0.20731776	3.52	ICL2.55
GNAZ	-0.297241435	3.52	ICL2.55
GoA	-0.340064176	3.52	ICL2.55
GoB	-0.287160277	3.52	ICL2.55
Barr1-GRK2	0.046308861	3.52	ICL2.56
Barr2	0.024978059	3.52	ICL2.56
Barr2-GRK2	0.009840951	3.52	ICL2.56
GNA11	0.105008603	3.52	ICL2.56
GNA12	0.271123691	3.52	ICL2.56
GNA13	0.174682575	3.52	ICL2.56
GNA14	0.096143627	3.52	ICL2.56
GNA15	0.117931626	3.52	ICL2.56
GNAI1	-0.038417821	3.52	ICL2.56
GNAI2	-0.025082392	3.52	ICL2.56
GNAQ	0.077050251	3.52	ICL2.56
GNAS	-0.084690891	3.52	ICL2.56
GNAZ	-0.020022931	3.52	ICL2.56
GoA	-0.098369662	3.52	ICL2.56
GoB	-0.049231952	3.52	ICL2.56
Barr1-GRK2	0.147840478	3.52	ICL2.57
Barr2	0.028816735	3.52	ICL2.57
Barr2-GRK2	0.013713252	3.52	ICL2.57
GNA11	0.162038117	3.52	ICL2.57
GNA12	0.021169513	3.52	ICL2.57
GNA13	0.259910051	3.52	ICL2.57
GNA14	0.14207576	3.52	ICL2.57
GNA15	-0.110306832	3.52	ICL2.57
GNAI1	0.34281545	3.52	ICL2.57
GNAI2	0.37254236	3.52	ICL2.57
GNAQ	0.039639207	3.52	ICL2.57
GNAS	-0.325960767	3.52	ICL2.57
GNAZ	0.059954391	3.52	ICL2.57
GoA	0.236445138	3.52	ICL2.57
GoB	0.103832719	3.52	ICL2.57
Barr1-GRK2	-0.458896855	3.53	ICL2.53
Barr2	-0.118550949	3.53	ICL2.53
Barr2-GRK2	-0.217448629	3.53	ICL2.53
GNA11	-0.294552988	3.53	ICL2.53
GNA12	0.021169513	3.53	ICL2.53
GNA13	0.116694015	3.53	ICL2.53
GNA14	-0.304197536	3.53	ICL2.53
GNA15	0.130596132	3.53	ICL2.53
GNAI1	-0.782557631	3.53	ICL2.53
GNAI2	-0.724141495	3.53	ICL2.53
GNAQ	-0.218885514	3.53	ICL2.53
GNAS	0.11878658	3.53	ICL2.53
GNAZ	-0.370193437	3.53	ICL2.53
GoA	-0.893284192	3.53	ICL2.53
GoB	-0.336143051	3.53	ICL2.53
Barr1-GRK2	-0.403108619	3.55	5.6
Barr2	-0.118550949	3.55	5.6
Barr2-GRK2	-0.231813802	3.55	5.6
GNA11	-0.326275994	3.55	5.6
GNA12	0.146146602	3.55	5.6
GNA13	0.425240832	3.55	5.6
GNA14	-0.304197536	3.55	5.6
GNA15	-0.068133973	3.55	5.6
GNAI1	-0.177919251	3.55	5.6
GNAI2	-0.329449423	3.55	5.6
GNAQ	-0.218885514	3.55	5.6
GNAS	0.017047844	3.55	5.6
GNAZ	-0.569852172	3.55	5.6
GoA	-0.539666203	3.55	5.6
GoB	-0.315576676	3.55	5.6
Barr1-GRK2	-0.046609814	3.55	5.64
Barr2	-0.015814657	3.55	5.64
Barr2-GRK2	-0.031309091	3.55	5.64
GNA11	0.25005886	3.55	5.64
GNA12	0.298891688	3.55	5.64
GNA13	0.285755328	3.55	5.64
GNA14	0.021117969	3.55	5.64
GNA15	-0.06101984	3.55	5.64
GNAI1	-0.091634308	3.55	5.64
GNAI2	-0.098134261	3.55	5.64
GNAQ	0.120046553	3.55	5.64
GNAS	-0.070825615	3.55	5.64
GNAZ	-0.214480897	3.55	5.64
GoA	-0.204286314	3.55	5.64
GoB	-0.230262109	3.55	5.64
Barr1-GRK2	0.213197238	4.57	5.461
Barr2	0.095723176	4.57	5.461
Barr2-GRK2	0.013713252	4.57	5.461
GNA11	0.162038117	4.57	5.461
GNA12	0.349898838	4.57	5.461
GNA13	0.259910051	4.57	5.461
GNA14	0.14207576	4.57	5.461
GNA15	-0.110306832	4.57	5.461
GNAI1	0.246260548	4.57	5.461
GNAI2	0.291387117	4.57	5.461
GNAQ	0.24606721	4.57	5.461
GNAS	-0.119165027	4.57	5.461
GNAZ	0.059954391	4.57	5.461
GoA	0.360474057	4.57	5.461
GoB	0.199301746	4.57	5.461
Barr1-GRK2	0.113705644	4.6	5.39
Barr2	0.0627769	4.6	5.39
Barr2-GRK2	-0.003819165	4.6	5.39
GNA11	-0.444921651	4.6	5.39
GNA12	-0.031154853	4.6	5.39
GNA13	-0.357183582	4.6	5.39
GNA14	-0.340105595	4.6	5.39
GNA15	-0.142517124	4.6	5.39
GNAI1	-0.106876561	4.6	5.39
GNAI2	-0.005427725	4.6	5.39
GNAQ	-0.514821279	4.6	5.39
GNAS	0.002325259	4.6	5.39
GNAZ	-0.279546324	4.6	5.39
GoA	-0.181796172	4.6	5.39
GoB	-0.076012816	4.6	5.39
Barr1-GRK2	0.264596095	4.61	5.39
Barr2	0.120076824	4.61	5.39
Barr2-GRK2	0.151219267	4.61	5.39
GNA11	0.57911316	4.61	5.39
GNA12	0.321448681	4.61	5.39
GNA13	0.348599157	4.61	5.39
GNA14	0.413663333	4.61	5.39
GNA15	0.299726427	4.61	5.39
GNAI1	0.155271452	4.61	5.39
GNAI2	0.150322225	4.61	5.39
GNAQ	0.529022483	4.61	5.39
GNAS	-0.456627983	4.61	5.39
GNAZ	0.11996069	4.61	5.39
GoA	0.155946486	4.61	5.39
GoB	0.086865984	4.61	5.39
Barr1-GRK2	-0.673403117	4.63	ECL2
Barr2	-0.274247867	4.63	ECL2
Barr2-GRK2	-0.292006052	4.63	ECL2
GNA11	-0.387160671	4.63	ECL2
GNA12	0.283224606	4.63	ECL2
GNA13	0.367252272	4.63	ECL2
GNA14	-0.357581499	4.63	ECL2
GNA15	0.157332607	4.63	ECL2
GNAI1	-0.510483392	4.63	ECL2
GNAI2	-0.732490751	4.63	ECL2
GNAQ	-0.462056363	4.63	ECL2
GNAS	-0.040064508	4.63	ECL2
GNAZ	-0.493157441	4.63	ECL2
GoA	-0.193901615	4.63	ECL2
GoB	-0.565187168	4.63	ECL2
Barr1-GRK2	0.102097097	5.36	6.59
Barr2	-0.030214354	5.36	6.59
Barr2-GRK2	0.113477163	5.36	6.59
GNA11	0.052622775	5.36	6.59
GNA12	-0.415819891	5.36	6.59
GNA13	-0.318178299	5.36	6.59
GNA14	0.096143627	5.36	6.59
GNA15	0.072977921	5.36	6.59
GNAI1	0.212942725	5.36	6.59
GNAI2	0.263383194	5.36	6.59
GNAQ	-0.060312201	5.36	6.59
GNAS	-0.263556489	5.36	6.59
GNAZ	0.290443485	5.36	6.59
GoA	0.319871648	5.36	6.59
GoB	0.070889594	5.36	6.59
Barr1-GRK2	0.164533213	5.37	6.6
Barr2	0.011436561	5.37	6.6
Barr2-GRK2	0.14483939	5.37	6.6
GNA11	0.064055282	5.37	6.6
GNA12	-0.031154853	5.37	6.6
GNA13	-0.191852802	5.37	6.6
GNA14	0.164264621	5.37	6.6
GNA15	0.214089816	5.37	6.6
GNAI1	-0.19871955	5.37	6.6
GNAI2	-0.082622565	5.37	6.6
GNAQ	0.121978366	5.37	6.6
GNAS	0.044977986	5.37	6.6
GNAZ	-0.036544861	5.37	6.6
GoA	-0.069872697	5.37	6.6
GoB	0.0791802	5.37	6.6
Barr1-GRK2	0.213197238	5.4	6.59
Barr2	0.028816735	5.4	6.59
Barr2-GRK2	0.013713252	5.4	6.59
GNA11	-0.120965107	5.4	6.59
GNA12	0.021169513	5.4	6.59
GNA13	0.259910051	5.4	6.59
GNA14	0.047970034	5.4	6.59
GNA15	0.241180427	5.4	6.59
GNAI1	0.036888536	5.4	6.59
GNAI2	0.019489016	5.4	6.59
GNAQ	0.039639207	5.4	6.59
GNAS	-0.119165027	5.4	6.59
GNAZ	-0.036544861	5.4	6.59
GoA	0.236445138	5.4	6.59
GoB	0.003200754	5.4	6.59
Barr1-GRK2	0.152036563	5.43	6.55
Barr2	0.099773155	5.43	6.55
Barr2-GRK2	0.085291216	5.43	6.55
GNA11	0.011669454	5.43	6.55
GNA12	-0.882294227	5.43	6.55
GNA13	-0.935271932	5.43	6.55
GNA14	0.212438214	5.43	6.55
GNA15	0.445882248	5.43	6.55
GNAI1	-0.106876561	5.43	6.55
GNAI2	-0.005427725	5.43	6.55
GNAQ	0.19821252	5.43	6.55
GNAS	-0.38001781	5.43	6.55
GNAZ	-0.236203595	5.43	6.55
GoA	-0.069872697	5.43	6.55
GoB	-0.245332944	5.43	6.55
Barr1-GRK2	0.085644554	5.461	6.52
Barr2	-0.064705232	5.461	6.52
Barr2-GRK2	0.020649632	5.461	6.52
GNA11	-0.013637054	5.461	6.52
GNA12	0.293963124	5.461	6.52
GNA13	0.218916765	5.461	6.52
GNA14	0.028022632	5.461	6.52
GNA15	0.153196486	5.461	6.52
GNAI1	0.01461126	5.461	6.52
GNAI2	0.029346869	5.461	6.52
GNAQ	0.051006067	5.461	6.52
GNAS	-0.025604882	5.461	6.52
GNAZ	0.002805291	5.461	6.52
GoA	0.078177134	5.461	6.52
GoB	0.1616997	5.461	6.52
Barr1-GRK2	0.13430858	5.47	6.49
Barr2	0.082662452	5.47	6.49
Barr2-GRK2	0.020649632	5.47	6.49
GNA11	0.257933662	5.47	6.49
GNA12	0.185703045	5.47	6.49
GNA13	0.312238824	5.47	6.49
GNA14	0.096143627	5.47	6.49
GNA15	0.072977921	5.47	6.49
GNAI1	0.01461126	5.47	6.49
GNAI2	0.029346869	5.47	6.49
GNAQ	0.19821252	5.47	6.49
GNAS	-0.189747895	5.47	6.49
GNAZ	-0.297241435	5.47	6.49
GoA	-0.019453608	5.47	6.49
GoB	-0.125211398	5.47	6.49
Barr1-GRK2	-0.0254997	5.51	6.45
Barr2	-0.004674941	5.51	6.45
Barr2-GRK2	0.001546077	5.51	6.45
GNA11	-0.120965107	5.51	6.45
GNA12	0.072391572	5.51	6.45
GNA13	-0.033204455	5.51	6.45
GNA14	-0.041852115	5.51	6.45
GNA15	0.018913684	5.51	6.45
GNAI1	-0.097804698	5.51	6.45
GNAI2	-0.124444745	5.51	6.45
GNAQ	-0.053942581	5.51	6.45
GNAS	-0.000947406	5.51	6.45
GNAZ	-0.107547847	5.51	6.45
GoA	-0.103361995	5.51	6.45
GoB	-0.033117237	5.51	6.45
Barr1-GRK2	0.028301686	5.54	6.41
Barr2	-0.084590784	5.54	6.41
Barr2-GRK2	-0.003819165	5.54	6.41
GNA11	-0.271333769	5.54	6.41
GNA12	-0.087090566	5.54	6.41
GNA13	-0.026522021	5.54	6.41
GNA14	-0.24433904	5.54	6.41
GNA15	-0.031932829	5.54	6.41
GNAI1	-0.106876561	5.54	6.41
GNAI2	-0.095862645	5.54	6.41
GNAQ	-0.156521552	5.54	6.41
GNAS	-0.067010069	5.54	6.41
GNAZ	-0.04905723	5.54	6.41
GoA	-0.069872697	5.54	6.41
GoB	0.041578154	5.54	6.41
Barr1-GRK2	0.040274905	5.55	6.45
Barr2	0.139270669	5.55	6.45
Barr2-GRK2	0.053284913	5.55	6.45
GNA11	-0.008261902	5.55	6.45
GNA12	0.102311804	5.55	6.45
GNA13	0.224036236	5.55	6.45
GNA14	-0.205378852	5.55	6.45
GNA15	-0.037606373	5.55	6.45
GNAI1	-0.279695815	5.55	6.45
GNAI2	-0.277325827	5.55	6.45
GNAQ	-0.115930628	5.55	6.45
GNAS	-0.078648593	5.55	6.45
GNAZ	-0.493157441	5.55	6.45
GoA	-0.464093094	5.55	6.45
GoB	-0.278276069	5.55	6.45
Barr1-GRK2	0.268985474	5.61	6.33
Barr2	0.212649962	5.61	6.33
Barr2-GRK2	0.199156769	5.61	6.33
GNA11	-0.066022882	5.61	6.33
GNA12	-0.501240536	5.61	6.33
GNA13	-0.431180306	5.61	6.33
GNA14	0.190249352	5.61	6.33
GNA15	0.113480457	5.61	6.33
GNAI1	0.128731526	5.61	6.33
GNAI2	0.192602941	5.61	6.33
GNAQ	0.089829177	5.61	6.33
GNAS	-0.750956563	5.61	6.33
GNAZ	0.223553507	5.61	6.33
GoA	0.217248573	5.61	6.33
GoB	-0.01237455	5.61	6.33
Barr1-GRK2	0.221826955	5.61	6.34
Barr2	0.167133479	5.61	6.34
Barr2-GRK2	0.210345662	5.61	6.34
GNA11	0.109652289	5.61	6.34
GNA12	0.312182908	5.61	6.34
GNA13	0.336341571	5.61	6.34
GNA14	0.096143627	5.61	6.34
GNA15	0.250943267	5.61	6.34
GNAI1	0.434658439	5.61	6.34
GNAI2	0.4497372	5.61	6.34
GNAQ	0.100167861	5.61	6.34
GNAS	-0.789540647	5.61	6.34
GNAZ	0.324045336	5.61	6.34
GoA	0.590063127	5.61	6.34
GoB	0.290111853	5.61	6.34
Barr1-GRK2	0.201588692	5.61	6.37
Barr2	0.186327324	5.61	6.37
Barr2-GRK2	0.133536903	5.61	6.37
GNA11	0.15060561	5.61	6.37
GNA12	0.312182908	5.61	6.37
GNA13	0.295864047	5.61	6.37
GNA14	0.125619332	5.61	6.37
GNA15	0.035448222	5.61	6.37
GNAI1	0.125373081	5.61	6.37
GNAI2	0.189780139	5.61	6.37
GNAQ	0.100167861	5.61	6.37
GNAS	-0.02153624	5.61	6.37
GNAZ	-0.009603241	5.61	6.37
GoA	0.21315584	5.61	6.37
GoB	0.049618072	5.61	6.37
Barr1-GRK2	0.075658185	5.62	6.34
Barr2	0.054721257	5.62	6.34
Barr2-GRK2	0.068030631	5.62	6.34
GNA11	-0.166934437	5.62	6.34
GNA12	-0.024694689	5.62	6.34
GNA13	0.257225376	5.62	6.34
GNA14	-0.124180014	5.62	6.34
GNA15	0.039988316	5.62	6.34
GNAI1	-0.033047181	5.62	6.34
GNAI2	-0.026665364	5.62	6.34
GNAQ	-0.139716435	5.62	6.34
GNAS	0.00052202	5.62	6.34
GNAZ	0.016336781	5.62	6.34
GoA	-0.039488462	5.62	6.34
GoB	0.052183528	5.62	6.34
Barr1-GRK2	0.180985756	5.62	6.37
Barr2	0.127714351	5.62	6.37
Barr2-GRK2	0.113477163	5.62	6.37
GNA11	0.052622775	5.62	6.37
GNA12	0.327059404	5.62	6.37
GNA13	0.116694015	5.62	6.37
GNA14	0.20017268	5.62	6.37
GNA15	0.072977921	5.62	6.37
GNAI1	-0.177919251	5.62	6.37
GNAI2	-0.065139731	5.62	6.37
GNAQ	0.077050251	5.62	6.37
GNAS	0.017047844	5.62	6.37
GNAZ	0.09078475	5.62	6.37
GoA	-0.15644811	5.62	6.37
GoB	-0.177644104	5.62	6.37
Barr1-GRK2	0.017359669	5.62	6.38
Barr2	0.090299979	5.62	6.38
Barr2-GRK2	-0.003819165	5.62	6.38
GNA11	-0.030829636	5.62	6.38
GNA12	0.327059404	5.62	6.38
GNA13	0.356021519	5.62	6.38
GNA14	-0.083873895	5.62	6.38
GNA15	0.072977921	5.62	6.38
GNAI1	-0.106876561	5.62	6.38
GNAI2	-0.127193973	5.62	6.38
GNAQ	0.010660099	5.62	6.38
GNAS	0.017047844	5.62	6.38
GNAZ	-0.339363078	5.62	6.38
GoA	-0.15644811	5.62	6.38
GoB	-0.177644104	5.62	6.38
Barr1-GRK2	0.236773992	5.65	6.3
Barr2	0.181560067	5.65	6.3
Barr2-GRK2	0.085291216	5.65	6.3
GNA11	0.468260559	5.65	6.3
GNA12	0.241638759	5.65	6.3
GNA13	0.677891825	5.65	6.3
GNA14	0.316467268	5.65	6.3
GNA15	0.021195125	5.65	6.3
GNAI1	0.313170619	5.65	6.3
GNAI2	0.238466453	5.65	6.3
GNAQ	0.31937479	5.65	6.3
GNAS	-0.009079058	5.65	6.3
GNAZ	-0.093693961	5.65	6.3
GoA	0.442013297	5.65	6.3
GoB	0.169990306	5.65	6.3
Barr1-GRK2	-0.099295112	5.65	6.31
Barr2	-0.004674941	5.65	6.31
Barr2-GRK2	0.043561834	5.65	6.31
GNA11	-0.3969956	5.65	6.31
GNA12	0.276143808	5.65	6.31
GNA13	0.162340354	5.65	6.31
GNA14	-0.546222331	5.65	6.31
GNA15	-0.172376212	5.65	6.31
GNAI1	-0.369965542	5.65	6.31
GNAI2	-0.45296767	5.65	6.31
GNAQ	-0.471040615	5.65	6.31
GNAS	0.124611522	5.65	6.31
GNAZ	-0.506216209	5.65	6.31
GoA	-0.548751269	5.65	6.31
GoB	-0.166119374	5.65	6.31
Barr1-GRK2	0.180985756	5.65	6.33
Barr2	0.127714351	5.65	6.33
Barr2-GRK2	0.075735059	5.65	6.33
GNA11	-0.120965107	5.65	6.33
GNA12	0.037886523	5.65	6.33
GNA13	0.282024795	5.65	6.33
GNA14	-0.020150961	5.65	6.33
GNA15	-0.068133973	5.65	6.33
GNAI1	0.153178725	5.65	6.33
GNAI2	0.213151027	5.65	6.33
GNAQ	-0.060312201	5.65	6.33
GNAS	-0.05676075	5.65	6.33
GNAZ	0.143253974	5.65	6.33
GoA	0.24704089	5.65	6.33
GoB	0.070889594	5.65	6.33
Barr1-GRK2	0.08271643	5.65	6.34
Barr2	0.032866715	5.65	6.34
Barr2-GRK2	-0.025865141	5.65	6.34
GNA11	0.194680757	5.65	6.34
GNA12	0.28797973	5.65	6.34
GNA13	0.343328743	5.65	6.34
GNA14	0.096143627	5.65	6.34
GNA15	-0.18301966	5.65	6.34
GNAI1	0.199050353	5.65	6.34
GNAI2	0.198068164	5.65	6.34
GNAQ	0.19821252	5.65	6.34
GNAS	-0.076274237	5.65	6.34
GNAZ	0.121871513	5.65	6.34
GoA	0.225172505	5.65	6.34
GoB	0.118183122	5.65	6.34
Barr1-GRK2	0.203628714	5.65	6.37
Barr2	0.212649962	5.65	6.37
Barr2-GRK2	0.068030631	5.65	6.37
GNA11	0.084345781	5.65	6.37
GNA12	-0.172511211	5.65	6.37
GNA13	0.312238824	5.65	6.37
GNA14	-0.124180014	5.65	6.37
GNA15	-0.283629018	5.65	6.37
GNAI1	0.128731526	5.65	6.37
GNAI2	0.192602941	5.65	6.37
GNAQ	-0.031333092	5.65	6.37
GNAS	0.181190857	5.65	6.37
GNAZ	0.036407142	5.65	6.37
GoA	0.217248573	5.65	6.37
GoB	0.194642825	5.65	6.37
Barr1-GRK2	0.262279109	5.66	6.3
Barr2	0.206177109	5.66	6.3
Barr2-GRK2	0.125134709	5.66	6.3
GNA11	-0.387160671	5.66	6.3
GNA12	-0.459654689	5.66	6.3
GNA13	-0.136839354	5.66	6.3
GNA14	-0.073534923	5.66	6.3
GNA15	-0.037606373	5.66	6.3
GNAI1	0.111166162	5.66	6.3
GNAI2	0.177839098	5.66	6.3
GNAQ	-0.274503941	5.66	6.3
GNAS	-0.168983011	5.66	6.3
GNAZ	0.209601124	5.66	6.3
GoA	0.19584273	5.66	6.3
GoB	0.083094477	5.66	6.3
Barr1-GRK2	0.049571152	5.66	6.31
Barr2	-0.042409155	5.66	6.31
Barr2-GRK2	-0.014472695	5.66	6.31
GNA11	0.084345781	5.66	6.31
GNA12	0.060725956	5.66	6.31
GNA13	0.232756016	5.66	6.31
GNA14	-0.056059019	5.66	6.31
GNA15	0.130596132	5.66	6.31
GNAI1	0.080667437	5.66	6.31
GNAI2	0.039143683	5.66	6.31
GNAQ	0.039639207	5.66	6.31
GNAS	0.060855569	5.66	6.31
GNAZ	-0.161218663	5.66	6.31
GoA	0.078177134	5.66	6.31
GoB	-0.059898101	5.66	6.31
Barr1-GRK2	0.27689853	5.66	6.34
Barr2	0.220287489	5.66	6.34
Barr2-GRK2	0.127306974	5.66	6.34
GNA11	0.262949672	5.66	6.34
GNA12	0.13337868	5.66	6.34
GNA13	0.328867484	5.66	6.34
GNA14	0.265822177	5.66	6.34
GNA15	0.244541662	5.66	6.34
GNAI1	0.114839154	5.66	6.34
GNAI2	0.121214275	5.66	6.34
GNAQ	0.260576482	5.66	6.34
GNAS	-0.009079058	5.66	6.34
GNAZ	0.097444982	5.66	6.34
GoA	0.023771987	5.66	6.34
GoB	-0.026110686	5.66	6.34
Barr1-GRK2	0.13430858	5.66	6.35
Barr2	0.082662452	5.66	6.35
Barr2-GRK2	0.174138066	5.66	6.35
GNA11	0.191673833	5.66	6.35
GNA12	0.441779647	5.66	6.35
GNA13	0.414461574	5.66	6.35
GNA14	0.1348687	5.66	6.35
GNA15	-0.115426513	5.66	6.35
GNAI1	0.106454249	5.66	6.35
GNAI2	0.173878695	5.66	6.35
GNAQ	0.15621933	5.66	6.35
GNAS	-0.115939301	5.66	6.35
GNAZ	0.205858395	5.66	6.35
GoA	-0.039488462	5.66	6.35
GoB	0.052183528	5.66	6.35
Barr1-GRK2	-0.658258101	5.69	6.27
Barr2	-0.364816248	5.69	6.27
Barr2-GRK2	-0.252241631	5.69	6.27
GNA11	-0.372245324	5.69	6.27
GNA12	0.060725956	5.69	6.27
GNA13	-0.122633489	5.69	6.27
GNA14	-0.524521177	5.69	6.27
GNA15	0.153196486	5.69	6.27
GNAI1	-1	5.69	6.27
GNAI2	-1	5.69	6.27
GNAQ	-0.448431126	5.69	6.27
GNAS	0.20731776	5.69	6.27
GNAZ	-0.47335292	5.69	6.27
GoA	-0.851950169	5.69	6.27
GoB	-0.464555203	5.69	6.27
Barr1-GRK2	0.320137928	6.25	6.26
Barr2	0.262021311	6.25	6.26
Barr2-GRK2	0.248960589	6.25	6.26
GNA11	-0.261910349	6.25	6.26
GNA12	-0.36947892	6.25	6.26
GNA13	-0.256874351	6.25	6.26
GNA14	0.152579718	6.25	6.26
GNA15	0.189884667	6.25	6.26
GNAI1	0.069177628	6.25	6.26
GNAI2	0.025295189	6.25	6.26
GNAQ	-0.001513893	6.25	6.26
GNAS	0.040187084	6.25	6.26
GNAZ	0.375907857	6.25	6.26
GoA	0.144673853	6.25	6.26
GoB	0.290111853	6.25	6.26
Barr1-GRK2	0.102097097	6.26	6.27
Barr2	0.051572557	6.26	6.27
Barr2-GRK2	0.113477163	6.26	6.27
GNA11	-0.120965107	6.26	6.27
GNA12	-0.415819891	6.26	6.27
GNA13	-0.626725115	6.26	6.27
GNA14	0.20017268	6.26	6.27
GNA15	0.328975503	6.26	6.27
GNAI1	-0.328592275	6.26	6.27
GNAI2	-0.191781731	6.26	6.27
GNAQ	0.077050251	6.26	6.27
GNAS	0.079452122	6.26	6.27
GNAZ	-0.139704343	6.26	6.27
GoA	-0.15644811	6.26	6.27
GoB	-0.177644104	6.26	6.27
Barr1-GRK2	0.073581105	6.32	8.48
Barr2	-0.02729086	6.32	8.48
Barr2-GRK2	0.105772735	6.32	8.48
GNA11	-0.334069051	6.32	8.48
GNA12	-0.059605009	6.32	8.48
GNA13	-0.086273157	6.32	8.48
GNA14	-0.090706883	6.32	8.48
GNA15	-0.028224195	6.32	8.48
GNAI1	0.300143522	6.32	8.48
GNAI2	0.33667623	6.32	8.48
GNAQ	-0.292394659	6.32	8.48
GNAS	-0.249832244	6.32	8.48
GNAZ	0.183596653	6.32	8.48
GoA	0.426137966	6.32	8.48
GoB	0.224798556	6.32	8.48
Barr1-GRK2	0.075658185	6.35	7.56
Barr2	0.026054235	6.35	7.56
Barr2-GRK2	0.174138066	6.35	7.56
GNA11	-0.490890982	6.35	7.56
GNA12	-0.120186846	6.35	7.56
GNA13	-0.431180306	6.35	7.56
GNA14	-0.228209067	6.35	7.56
GNA15	0.089275308	6.35	7.56
GNAI1	0.106454249	6.35	7.56
GNAI2	0.173878695	6.35	7.56
GNAQ	-0.260878705	6.35	7.56
GNAS	-0.280082314	6.35	7.56
GNAZ	0.056211662	6.35	7.56
GoA	0.296816417	6.35	7.56
GoB	0.134918836	6.35	7.56
Barr1-GRK2	-0.097740479	6.36	7.56
Barr2	-0.074400331	6.36	7.56
Barr2-GRK2	0.003728562	6.36	7.56
GNA11	-0.144184326	6.36	7.56
GNA12	0.077105226	6.36	7.56
GNA13	0.220904768	6.36	7.56
GNA14	-0.208261666	6.36	7.56
GNA15	0.030805062	6.36	7.56
GNAI1	-0.043913906	6.36	7.56
GNAI2	-0.038051156	6.36	7.56
GNAQ	-0.118934106	6.36	7.56
GNAS	-0.10776071	6.36	7.56
GNAZ	-0.079887589	6.36	7.56
GoA	-0.054320256	6.36	7.56
GoB	-0.134731818	6.36	7.56
Barr1-GRK2	0.017359669	6.36	8.48
Barr2	-0.118550949	6.36	8.48
Barr2-GRK2	0.036668404	6.36	8.48
GNA11	-0.120965107	6.36	8.48
GNA12	-0.087090566	6.36	8.48
GNA13	-0.078850794	6.36	8.48
GNA14	-0.15199489	6.36	8.48
GNA15	-0.21970784	6.36	8.48
GNAI1	0.434658439	6.36	8.48
GNAI2	0.4497372	6.36	8.48
GNAQ	-0.060312201	6.36	8.48
GNAS	-0.263556489	6.36	8.48
GNAZ	0.193944233	6.36	8.48
GoA	0.590063127	6.36	8.48
GoB	0.290111853	6.36	8.48
Barr1-GRK2	-0.000368314	6.39	7.56
Barr2	0.051572557	6.39	7.56
Barr2-GRK2	0.09853351	6.39	7.56
GNA11	0.084345781	6.39	7.56
GNA12	0.146146602	6.39	7.56
GNA13	0.185913327	6.39	7.56
GNA14	-0.020150961	6.39	7.56
GNA15	0.204979283	6.39	7.56
GNAI1	0.01461126	6.39	7.56
GNAI2	0.006248936	6.39	7.56
GNAQ	0.077050251	6.39	7.56
GNAS	-0.108511084	6.39	7.56
GNAZ	0.002805291	6.39	7.56
GoA	-0.052942906	6.39	7.56
GoB	-0.074215387	6.39	7.56
Barr1-GRK2	-0.035399606	6.4	7.52
Barr2	0.073107256	6.4	7.52
Barr2-GRK2	0.058391736	6.4	7.52
GNA11	-0.140549813	6.4	7.52
GNA12	0.088211513	6.4	7.52
GNA13	-0.021251607	6.4	7.52
GNA14	-0.050400764	6.4	7.52
GNA15	0.058823462	6.4	7.52
GNAI1	-0.001686746	6.4	7.52
GNAI2	-0.023719031	6.4	7.52
GNAQ	-0.085966656	6.4	7.52
GNAS	-0.011880636	6.4	7.52
GNAZ	-0.089014084	6.4	7.52
GoA	-0.043655541	6.4	7.52
GoB	0.013866903	6.4	7.52
Barr1-GRK2	-0.217279271	6.4	7.53
Barr2	0.032866715	6.4	7.53
Barr2-GRK2	0.017798707	6.4	7.53
GNA11	-0.056599461	6.4	7.53
GNA12	0.192487573	6.4	7.53
GNA13	-0.256874351	6.4	7.53
GNA14	0.036285131	6.4	7.53
GNA15	0.321886028	6.4	7.53
GNAI1	-0.220996827	6.4	7.53
GNAI2	-0.101346811	6.4	7.53
GNAQ	-0.001513893	6.4	7.53
GNAS	0.102591361	6.4	7.53
GNAZ	-0.4843878	6.4	7.53
GoA	-0.208944136	6.4	7.53
GoB	-0.071258694	6.4	7.53
Barr1-GRK2	-0.25817666	6.43	7.48
Barr2	-0.103737058	6.43	7.48
Barr2-GRK2	-0.034322044	6.43	7.48
GNA11	-0.061683408	6.43	7.48
GNA12	0.015672907	6.43	7.48
GNA13	-0.006014186	6.43	7.48
GNA14	0.069090899	6.43	7.48
GNA15	0.084003885	6.43	7.48
GNAI1	-0.023937689	6.43	7.48
GNAI2	-0.048777844	6.43	7.48
GNAQ	-0.08849726	6.43	7.48
GNAS	0.068360291	6.43	7.48
GNAZ	-0.180671822	6.43	7.48
GoA	-0.049298781	6.43	7.48
GoB	-0.163326818	6.43	7.48
Barr1-GRK2	0.021177476	6.43	7.52
Barr2	0.058406129	6.43	7.52
Barr2-GRK2	0.043561834	6.43	7.52
GNA11	-0.073039056	6.43	7.52
GNA12	-0.052585517	6.43	7.52
GNA13	-0.033204455	6.43	7.52
GNA14	-0.009476664	6.43	7.52
GNA15	0.055114828	6.43	7.52
GNAI1	-0.061948226	6.43	7.52
GNAI2	-0.028525659	6.43	7.52
GNAQ	-0.053942581	6.43	7.52
GNAS	-0.060296375	6.43	7.52
GNAZ	-0.045238021	6.43	7.52
GoA	-0.015121263	6.43	7.52
GoB	-0.033117237	6.43	7.52
Barr1-GRK2	0.004724932	6.47	7.41
Barr2	0.018918747	6.47	7.41
Barr2-GRK2	0.090522011	6.47	7.41
GNA11	-0.07591541	6.47	7.41
GNA12	-0.484861267	6.47	7.41
GNA13	-0.522514363	6.47	7.41
GNA14	0.03376313	6.47	7.41
GNA15	0.178723323	6.47	7.41
GNAI1	-0.145690469	6.47	7.41
GNAI2	-0.128486076	6.47	7.41
GNAQ	-0.010550762	6.47	7.41
GNAS	0.09903503	6.47	7.41
GNAZ	-0.12452432	6.47	7.41
GoA	-0.117172851	6.47	7.41
GoB	-0.041650524	6.47	7.41
Barr1-GRK2	-0.01837549	6.48	6.51
Barr2	0.011436561	6.48	6.51
Barr2-GRK2	0.068030631	6.48	6.51
GNA11	0.216980341	6.48	6.51
GNA12	0.389455281	6.48	6.51
GNA13	0.438564321	6.48	6.51
GNA14	0.096143627	6.48	6.51
GNA15	0.113480457	6.48	6.51
GNAI1	0.128731526	6.48	6.51
GNAI2	0.096683855	6.48	6.51
GNAQ	0.19821252	6.48	6.51
GNAS	-0.306209216	6.48	6.51
GNAZ	-0.177560022	6.48	6.51
GoA	0.217248573	6.48	6.51
GoB	-0.01237455	6.48	6.51
Barr1-GRK2	-0.10829856	6.48	7.38
Barr2	0.032866715	6.48	7.38
Barr2-GRK2	0.177110793	6.48	7.38
GNA11	-0.056599461	6.48	7.38
GNA12	-0.36947892	6.48	7.38
GNA13	-0.565421168	6.48	7.38
GNA14	-0.095558798	6.48	7.38
GNA15	0.048772772	6.48	7.38
GNAI1	-0.384787728	6.48	7.38
GNAI2	-0.389812397	6.48	7.38
GNAQ	-0.001513893	6.48	7.38
GNAS	0.040187084	6.48	7.38
GNAZ	-0.86015802	6.48	7.38
GoA	-0.408546163	6.48	7.38
GoB	-0.520118671	6.48	7.38
Barr1-GRK2	0.044741442	6.48	7.41
Barr2	0.093943146	6.48	7.41
Barr2-GRK2	0.11652309	6.48	7.41
GNA11	-0.003863099	6.48	7.41
GNA12	-0.098273451	6.48	7.41
GNA13	-0.093644506	6.48	7.41
GNA14	0.054709738	6.48	7.41
GNA15	0.208478533	6.48	7.41
GNAI1	-0.031064656	6.48	7.41
GNAI2	-0.027251249	6.48	7.41
GNAQ	0.030201615	6.48	7.41
GNAS	0.04386735	6.48	7.41
GNAZ	-0.012165743	6.48	7.41
GoA	-0.018087739	6.48	7.41
GoB	-0.013874944	6.48	7.41
Barr1-GRK2	0.078520344	6.48	7.42
Barr2	0.095723176	6.48	7.42
Barr2-GRK2	0.20503164	6.48	7.42
GNA11	0.162038117	6.48	7.42
GNA12	0.202082315	6.48	7.42
GNA13	-0.244181575	6.48	7.42
GNA14	0.380190202	6.48	7.42
GNA15	0.130596132	6.48	7.42
GNAI1	-0.077231729	6.48	7.42
GNAI2	-0.082622565	6.48	7.42
GNAQ	0.417914131	6.48	7.42
GNAS	0.071104888	6.48	7.42
GNAZ	-0.036544861	6.48	7.42
GoA	0.105325098	6.48	7.42
GoB	-0.216021504	6.48	7.42
Barr1-GRK2	0.13430858	6.48	7.46
Barr2	0.170999046	6.48	7.46
Barr2-GRK2	0.157141012	6.48	7.46
GNA11	0.659582543	6.48	7.46
GNA12	0.060725956	6.48	7.46
GNA13	-0.431180306	6.48	7.46
GNA14	0.639238916	6.48	7.46
GNA15	0.445882248	6.48	7.46
GNAI1	-0.149179642	6.48	7.46
GNAI2	-0.040983836	6.48	7.46
GNAQ	0.681700707	6.48	7.46
GNAS	0.153260716	6.48	7.46
GNAZ	0.002805291	6.48	7.46
GoA	-0.121424893	6.48	7.46
GoB	-0.287160277	6.48	7.46
Barr1-GRK2	-0.01837549	6.51	6.55
Barr2	-0.064705232	6.51	6.55
Barr2-GRK2	-0.252241631	6.51	6.55
GNA11	0.335625999	6.51	6.55
GNA12	0.060725956	6.51	6.55
GNA13	0.169022788	6.51	6.55
GNA14	0.190249352	6.51	6.55
GNA15	-0.142517124	6.51	6.55
GNAI1	-0.106876561	6.51	6.55
GNAI2	-0.114586891	6.51	6.55
GNAQ	0.29625718	6.51	6.55
GNAS	-0.025604882	6.51	6.55
GNAZ	-0.727389263	6.51	6.55
GoA	-0.228140701	6.51	6.55
GoB	-0.373745097	6.51	6.55
Barr1-GRK2	-0.21209363	6.51	7.34
Barr2	-0.093749494	6.51	7.34
Barr2-GRK2	0.029415704	6.51	7.34
GNA11	0.109652289	6.51	7.34
GNA12	0.437159997	6.51	7.34
GNA13	0.336341571	6.51	7.34
GNA14	0.002037901	6.51	7.34
GNA15	0.146032517	6.51	7.34
GNAI1	0.158690904	6.51	7.34
GNAI2	0.132239966	6.51	7.34
GNAQ	-0.008215483	6.51	7.34
GNAS	-0.064188967	6.51	7.34
GNAZ	-0.106102492	6.51	7.34
GoA	0.253758248	6.51	7.34
GoB	0.0172479	6.51	7.34
Barr1-GRK2	-0.044462523	6.51	7.38
Barr2	-0.089883927	6.51	7.38
Barr2-GRK2	0.053284913	6.51	7.38
GNA11	-0.008261902	6.51	7.38
GNA12	-0.130925364	6.51	7.38
GNA13	-0.136839354	6.51	7.38
GNA14	0.042759664	6.51	7.38
GNA15	0.094394989	6.51	7.38
GNAI1	-0.140194384	6.51	7.38
GNAI2	-0.033431649	6.51	7.38
GNAQ	0.021431824	6.51	7.38
GNAS	-0.004839998	6.51	7.38
GNAZ	-0.100865291	6.51	7.38
GoA	-0.110475105	6.51	7.38
GoB	-0.149863917	6.51	7.38
Barr1-GRK2	-0.111656659	6.51	7.41
Barr2	-0.049552341	6.51	7.41
Barr2-GRK2	0.031526199	6.51	7.41
GNA11	-0.276535128	6.51	7.41
GNA12	0.159118819	6.51	7.41
GNA13	-0.466348279	6.51	7.41
GNA14	-0.156555465	6.51	7.41
GNA15	0.16332181	6.51	7.41
GNAI1	-0.047112561	6.51	7.41
GNAI2	-0.09286325	6.51	7.41
GNAQ	-0.252616087	6.51	7.41
GNAS	0.003773656	6.51	7.41
GNAZ	-0.115780322	6.51	7.41
GoA	0.002958061	6.51	7.41
GoB	0.100670037	6.51	7.41
Barr1-GRK2	-0.038978426	6.52	7.41
Barr2	0.011436561	6.52	7.41
Barr2-GRK2	0.167794542	6.52	7.41
GNA11	-0.193641433	6.52	7.41
GNA12	-0.320327734	6.52	7.41
GNA13	-0.500399618	6.52	7.41
GNA14	-0.035700302	6.52	7.41
GNA15	0.021195125	6.52	7.41
GNAI1	0.043796463	6.52	7.41
GNAI2	-0.005427725	6.52	7.41
GNAQ	-0.097723244	6.52	7.41
GNAS	0.064729536	6.52	7.41
GNAZ	0.266896235	6.52	7.41
GoA	0.113743369	6.52	7.41
GoB	0.169990306	6.52	7.41
Barr1-GRK2	0.188339042	6.54	7.3
Barr2	0.134811599	6.54	7.3
Barr2-GRK2	0.162652337	6.54	7.3
GNA11	0.137556887	6.54	7.3
GNA12	0.4482917	6.54	7.3
GNA13	0.585617667	6.54	7.3
GNA14	0.063768176	6.54	7.3
GNA15	0.005912529	6.54	7.3
GNAI1	0.30911807	6.54	7.3
GNAI2	0.28869862	6.54	7.3
GNAQ	0.093509647	6.54	7.3
GNAS	-0.367165097	6.54	7.3
GNAZ	0.144916253	6.54	7.3
GoA	0.514844055	6.54	7.3
GoB	0.229082189	6.54	7.3
Barr1-GRK2	0.023020235	6.54	7.33
Barr2	0.046475004	6.54	7.33
Barr2-GRK2	0.031526199	6.54	7.33
GNA11	0.093390747	6.54	7.33
GNA12	0.267378898	6.54	7.33
GNA13	0.320853546	6.54	7.33
GNA14	0.063768176	6.54	7.33
GNA15	0.005912529	6.54	7.33
GNAI1	-0.008298652	6.54	7.33
GNAI2	0.011494151	6.54	7.33
GNAQ	0.093509647	6.54	7.33
GNAS	-0.086560763	6.54	7.33
GNAZ	0.02024245	6.54	7.33
GoA	0.050258215	6.54	7.33
GoB	-0.073404213	6.54	7.33
Barr1-GRK2	0.065208994	6.54	7.34
Barr2	0.051572557	6.54	7.34
Barr2-GRK2	0.018855457	6.54	7.34
GNA11	0.034604915	6.54	7.34
GNA12	0.099805631	6.54	7.34
GNA13	0.076216491	6.54	7.34
GNA14	0.033233002	6.54	7.34
GNA15	0.088072538	6.54	7.34
GNAI1	-0.099145922	6.54	7.34
GNAI2	-0.078720762	6.54	7.34
GNAQ	0.018251944	6.54	7.34
GNAS	-0.014108023	6.54	7.34
GNAZ	-0.058861983	6.54	7.34
GoA	-0.098369662	6.54	7.34
GoB	-0.063070216	6.54	7.34
Barr1-GRK2	-0.010029234	6.54	7.37
Barr2	0.001963385	6.54	7.37
Barr2-GRK2	0.005655662	6.54	7.37
GNA11	0.077104005	6.54	7.37
GNA12	0.176744432	6.54	7.37
GNA13	0.074628737	6.54	7.37
GNA14	0.044165163	6.54	7.37
GNA15	0.041267035	6.54	7.37
GNAI1	-0.123034667	6.54	7.37
GNAI2	-0.103038078	6.54	7.37
GNAQ	0.086894253	6.54	7.37
GNAS	-0.015355563	6.54	7.37
GNAZ	-0.055838282	6.54	7.37
GoA	-0.129459844	6.54	7.37
GoB	-0.078088933	6.54	7.37
Barr1-GRK2	0.010573702	6.55	7.34
Barr2	0.039377756	6.55	7.34
Barr2-GRK2	0.024366782	6.55	7.34
GNA11	-0.037512695	6.55	7.34
GNA12	0.262165077	6.55	7.34
GNA13	0.196176823	6.55	7.34
GNA14	0.017112435	6.55	7.34
GNA15	0.165263254	6.55	7.34
GNAI1	0.062269701	6.55	7.34
GNAI2	0.034629613	6.55	7.34
GNAQ	-0.005288908	6.55	7.34
GNAS	-0.131816884	6.55	7.34
GNAZ	-0.083274271	6.55	7.34
GoA	-0.011794248	6.55	7.34
GoB	0.034747916	6.55	7.34
Barr1-GRK2	0.068951819	6.55	7.38
Barr2	0.11290046	6.55	7.38
Barr2-GRK2	0.09853351	6.55	7.38
GNA11	0.019980135	6.55	7.38
GNA12	-0.14302628	6.55	7.38
GNA13	-0.557505803	6.55	7.38
GNA14	0.20017268	6.55	7.38
GNA15	0.255483361	6.55	7.38
GNAI1	0.01461126	6.55	7.38
GNAI2	0.006248936	6.55	7.38
GNAQ	0.127240221	6.55	7.38
GNAS	-0.040883167	6.55	7.38
GNAZ	0.047442022	6.55	7.38
GoA	0.078177134	6.55	7.38
GoB	0.070889594	6.55	7.38
Barr1-GRK2	-0.031010227	6.55	7.41
Barr2	0.039377756	6.55	7.41
Barr2-GRK2	0.024366782	6.55	7.41
GNA11	-0.211100577	6.55	7.41
GNA12	0.176744432	6.55	7.41
GNA13	-0.473245583	6.55	7.41
GNA14	-0.162905087	6.55	7.41
GNA15	0.104204654	6.55	7.41
GNAI1	-0.257549584	6.55	7.41
GNAI2	-0.318423731	6.55	7.41
GNAQ	-0.180062403	6.55	7.41
GNAS	0.074978855	6.55	7.41
GNAZ	-0.355885008	6.55	7.41
GoA	-0.384608802	6.55	7.41
GoB	-0.020815553	6.55	7.41
Barr1-GRK2	0.08271643	6.57	7.3
Barr2	0.114653627	6.57	7.3
Barr2-GRK2	0.017798707	6.57	7.3
GNA11	0.335625999	6.57	7.3
GNA12	0.521216898	6.57	7.3
GNA13	0.551566328	6.57	7.3
GNA14	0.096143627	6.57	7.3
GNA15	0.120545443	6.57	7.3
GNAI1	0.135233805	6.57	7.3
GNAI2	0.085007195	6.57	7.3
GNAQ	0.19821252	6.57	7.3
GNAS	-0.404560263	6.57	7.3
GNAZ	-0.117875935	6.57	7.3
GoA	0.225172505	6.57	7.3
GoB	0.118183122	6.57	7.3
Barr1-GRK2	0.042785185	6.57	7.33
Barr2	0.061232298	6.57	7.33
Barr2-GRK2	0.024366782	6.57	7.33
GNA11	0.040179641	6.57	7.33
GNA12	0.229068797	6.57	7.33
GNA13	0.180744512	6.57	7.33
GNA14	0.111218161	6.57	7.33
GNA15	0.066674954	6.57	7.33
GNAI1	0.01461126	6.57	7.33
GNAI2	0.034629613	6.57	7.33
GNAQ	0.080999163	6.57	7.33
GNAS	-0.08114753	6.57	7.33
GNAZ	-0.018254486	6.57	7.33
GoA	0.033632507	6.57	7.33
GoB	-0.089758174	6.57	7.33
Barr1-GRK2	-0.170307055	6.57	ECL3
Barr2	-0.118550949	6.57	ECL3
Barr2-GRK2	-0.082339355	6.57	ECL3
GNA11	-0.016944229	6.57	ECL3
GNA12	-0.061350427	6.57	ECL3
GNA13	-0.40835972	6.57	ECL3
GNA14	0.018880319	6.57	ECL3
GNA15	0.086131094	6.57	ECL3
GNAI1	-0.298473106	6.57	ECL3
GNAI2	-0.324816388	6.57	ECL3
GNAQ	-0.009445238	6.57	ECL3
GNAS	0.029900558	6.57	ECL3
GNAZ	-0.553860367	6.57	ECL3
GoA	-0.340064176	6.57	ECL3
GoB	-0.292626472	6.57	ECL3
Barr1-GRK2	0.28047735	6.58	7.27
Barr2	0.167133479	6.58	7.27
Barr2-GRK2	0.153241584	6.58	7.27
GNA11	0.335625999	6.58	7.27
GNA12	0.640912233	6.58	7.27
GNA13	0.73073636	6.58	7.27
GNA14	0.182055423	6.58	7.27
GNA15	-0.081458523	6.58	7.27
GNAI1	0.255245806	6.58	7.27
GNAI2	0.298939305	6.58	7.27
GNAQ	0.287720282	6.58	7.27
GNAS	-0.22833198	6.58	7.27
GNAZ	0.166508244	6.58	7.27
GoA	0.371423844	6.58	7.27
GoB	0.203527033	6.58	7.27
Barr1-GRK2	0.106074256	6.58	7.3
Barr2	0.089371398	6.58	7.3
Barr2-GRK2	0.108033214	6.58	7.3
GNA11	0.189174182	6.58	7.3
GNA12	0.434330165	6.58	7.3
GNA13	0.525082832	6.58	7.3
GNA14	0.119936653	6.58	7.3
GNA15	0.122264914	6.58	7.3
GNAI1	0.189845406	6.58	7.3
GNAI2	0.153534775	6.58	7.3
GNAQ	0.120046553	6.58	7.3
GNAS	-0.31620544	6.58	7.3
GNAZ	0.095985519	6.58	7.3
GoA	0.354576942	6.58	7.3
GoB	0.148683997	6.58	7.3
Barr1-GRK2	-0.060944711	6.58	7.34
Barr2	-0.032190395	6.58	7.34
Barr2-GRK2	-0.084332704	6.58	7.34
GNA11	0.254186264	6.58	7.34
GNA12	0.330821575	6.58	7.34
GNA13	0.418987012	6.58	7.34
GNA14	0.162732638	6.58	7.34
GNA15	-0.158434023	6.58	7.34
GNAI1	0.100189991	6.58	7.34
GNAI2	0.124042122	6.58	7.34
GNAQ	0.174006925	6.58	7.34
GNAS	-0.171343522	6.58	7.34
GNAZ	-0.071728118	6.58	7.34
GoA	0.117843417	6.58	7.34
GoB	-0.040595101	6.58	7.34
Barr1-GRK2	-0.403108619	6.58	ECL3
Barr2	-0.36244032	6.58	ECL3
Barr2-GRK2	-0.183996648	6.58	ECL3
GNA11	-0.20143449	6.58	ECL3
GNA12	-0.47375498	6.58	ECL3
GNA13	-0.590364783	6.58	ECL3
GNA14	-0.132728663	6.58	ECL3
GNA15	-0.028224195	6.58	ECL3
GNAI1	-0.516136273	6.58	ECL3
GNAI2	-0.442510392	6.58	ECL3
GNAQ	-0.184011315	6.58	ECL3
GNAS	0.069356175	6.58	ECL3
GNAZ	-0.470133932	6.58	ECL3
GoA	-0.635109378	6.58	ECL3
GoB	-0.448578813	6.58	ECL3
Barr1-GRK2	0.330807666	6.61	7.26
Barr2	0.212649962	6.61	7.26
Barr2-GRK2	0.068030631	6.61	7.26
GNA11	0.084345781	6.61	7.26
GNA12	0.389455281	6.61	7.26
GNA13	0.438564321	6.61	7.26
GNA14	-0.007885426	6.61	7.26
GNA15	-0.142517124	6.61	7.26
GNAI1	0.128731526	6.61	7.26
GNAI2	0.096683855	6.61	7.26
GNAQ	0.089829177	6.61	7.26
GNAS	-0.306209216	6.61	7.26
GNAZ	0.309017878	6.61	7.26
GoA	0.078177134	6.61	7.26
GoB	0.194642825	6.61	7.26
Barr1-GRK2	0.268985474	6.61	7.27
Barr2	0.170999046	6.61	7.27
Barr2-GRK2	0.113477163	6.61	7.27
GNA11	0.174481251	6.61	7.27
GNA12	0.293963124	6.61	7.27
GNA13	0.398086797	6.61	7.27
GNA14	0.096143627	6.61	7.27
GNA15	-0.010515762	6.61	7.27
GNAI1	0.236326974	6.61	7.27
GNAI2	0.223325855	6.61	7.27
GNAQ	0.127240221	6.61	7.27
GNAS	-0.353890908	6.61	7.27
GNAZ	0.252587806	6.61	7.27
GoA	0.2617932	6.61	7.27
GoB	0.227012997	6.61	7.27
Barr1-GRK2	0.146408503	6.61	7.3
Barr2	0.150949278	6.61	7.3
Barr2-GRK2	0.079811539	6.61	7.3
GNA11	0.261351244	6.61	7.3
GNA12	0.383684821	6.61	7.3
GNA13	0.378601871	6.61	7.3
GNA14	0.233225567	6.61	7.3
GNA15	0.116038696	6.61	7.3
GNAI1	0.177567576	6.61	7.3
GNAI2	0.113426661	6.61	7.3
GNAQ	0.26186315	6.61	7.3
GNAS	-0.255033512	6.61	7.3
GNAZ	0.148728969	6.61	7.3
GoA	0.332041312	6.61	7.3
GoB	0.167348378	6.61	7.3
Barr1-GRK2	-0.0254997	6.61	7.33
Barr2	-0.071581381	6.61	7.33
Barr2-GRK2	-0.087564304	6.61	7.33
GNA11	0.47368752	6.61	7.33
GNA12	-0.052585517	6.61	7.33
GNA13	0.019124318	6.61	7.33
GNA14	0.422211982	6.61	7.33
GNA15	0.160025579	6.61	7.33
GNAI1	-0.134357456	6.61	7.33
GNAI2	-0.028525659	6.61	7.33
GNAQ	0.471538797	6.61	7.33
GNAS	0.034277103	6.61	7.33
GNAZ	0.014578733	6.61	7.33
GoA	-0.103361995	6.61	7.33
GoB	-0.272504784	6.61	7.33
Barr1-GRK2	-0.046102636	6.61	ECL3
Barr2	-0.032853959	6.61	ECL3
Barr2-GRK2	-0.020071796	6.61	ECL3
GNA11	-0.223407719	6.61	ECL3
GNA12	-0.285822685	6.61	ECL3
GNA13	-0.404859302	6.61	ECL3
GNA14	-0.130331827	6.61	ECL3
GNA15	0.055114828	6.61	ECL3
GNAI1	-0.316936462	6.61	ECL3
GNAI2	-0.256983809	6.61	ECL3
GNAQ	-0.17510485	6.61	ECL3
GNAS	0.055403278	6.61	ECL3
GNAZ	-0.201322738	6.61	ECL3
GoA	-0.412435357	6.61	ECL3
GoB	-0.180950034	6.61	ECL3
Barr1-GRK2	0.320137928	8.55	Cterm
Barr2	0.328927751	8.55	Cterm
Barr2-GRK2	0.316453097	8.55	Cterm
GNA11	-0.261910349	8.55	Cterm
GNA12	0.521216898	8.55	Cterm
GNA13	-0.017546847	8.55	Cterm
GNA14	-0.095558798	8.55	Cterm
GNA15	0.189884667	8.55	Cterm
GNAI1	0.069177628	8.55	Cterm
GNAI2	0.142547367	8.55	Cterm
GNAQ	-0.160087206	8.55	Cterm
GNAS	0.040187084	8.55	Cterm
GNAZ	0.279408605	8.55	Cterm
GoA	-0.02532807	8.55	Cterm
GoB	0.290111853	8.55	Cterm
Barr1-GRK2	0.099656473	8.59	Cterm
Barr2	0.02778676	8.59	Cterm
Barr2-GRK2	0.096735713	8.59	Cterm
GNA11	-0.820463958	8.59	Cterm
GNA12	-0.176554842	8.59	Cterm
GNA13	-0.114659273	8.59	Cterm
GNA14	-0.517180155	8.59	Cterm
GNA15	0.18581034	8.59	Cterm
GNAI1	-0.116265148	8.59	Cterm
GNAI2	-0.045283242	8.59	Cterm
GNAQ	-0.561945105	8.59	Cterm
GNAS	0.078588031	8.59	Cterm
GNAZ	0.028949673	8.59	Cterm
GoA	-0.081313998	8.59	Cterm
GoB	0.115492823	8.59	Cterm
Barr1-GRK2	-0.045929402	Cterm	Cterm
Barr2	-0.118550949	Cterm	Cterm
Barr2-GRK2	-0.080627924	Cterm	Cterm
GNA11	-0.120965107	Cterm	Cterm
GNA12	-0.829969861	Cterm	Cterm
GNA13	-0.739727123	Cterm	Cterm
GNA14	-0.007885426	Cterm	Cterm
GNA15	-0.235501828	Cterm	Cterm
GNAI1	0.128731526	Cterm	Cterm
GNAI2	-0.005427725	Cterm	Cterm
GNAQ	-0.031333092	Cterm	Cterm
GNAS	-0.263556489	Cterm	Cterm
GNAZ	-0.177560022	Cterm	Cterm
GoA	0.125477288	Cterm	Cterm
GoB	0.09401086	Cterm	Cterm
Barr1-GRK2	0.203628714	ECL1.5	3.21
Barr2	0.149568892	ECL1.5	3.21
Barr2-GRK2	0.13552314	ECL1.5	3.21
GNA11	-0.239610764	ECL1.5	3.21
GNA12	0.241638759	ECL1.5	3.21
GNA13	0.003692007	ECL1.5	3.21
GNA14	0.096143627	ECL1.5	3.21
GNA15	0.113480457	ECL1.5	3.21
GNAI1	0.128731526	ECL1.5	3.21
GNAI2	0.096683855	ECL1.5	3.21
GNAQ	-0.168695544	ECL1.5	3.21
GNAS	-0.025604882	ECL1.5	3.21
GNAZ	0.132906393	ECL1.5	3.21
GoA	0.078177134	ECL1.5	3.21
GoB	0.290111853	ECL1.5	3.21
Barr1-GRK2	0.170999386	ECL1.52	3.24
Barr2	0.058406129	ECL1.52	3.24
Barr2-GRK2	0.043561834	ECL1.52	3.24
GNA11	0.47368752	ECL1.52	3.24
GNA12	0.401120897	ECL1.52	3.24
GNA13	0.401667859	ECL1.52	3.24
GNA14	0.290368053	ECL1.52	3.24
GNA15	-0.296372431	ECL1.52	3.24
GNAI1	0.171569458	ECL1.52	3.24
GNAI2	0.228608599	ECL1.52	3.24
GNAQ	0.400566497	ECL1.52	3.24
GNAS	-0.362788551	ECL1.52	3.24
GNAZ	-0.07606838	ECL1.52	3.24
GoA	0.151786964	ECL1.52	3.24
GoB	0.120791725	ECL1.52	3.24
Barr1-GRK2	0.113705644	ECL2	5.35
Barr2	-0.042409155	ECL2	5.35
Barr2-GRK2	-0.003819165	ECL2	5.35
GNA11	0.064055282	ECL2	5.35
GNA12	0.11666167	ECL2	5.35
GNA13	-0.048636766	ECL2	5.35
GNA14	0.164264621	ECL2	5.35
GNA15	-0.047369214	ECL2	5.35
GNAI1	0.295157009	ECL2	5.35
GNAI2	0.332485022	ECL2	5.35
GNAQ	0.121978366	ECL2	5.35
GNAS	-0.325960767	ECL2	5.35
GNAZ	0.355747289	ECL2	5.35
GoA	0.420061204	ECL2	5.35
GoB	0.222423012	ECL2	5.35
Barr1-GRK2	0.140506059	ECL2	5.36
Barr2	0.146742723	ECL2	5.36
Barr2-GRK2	0.103754084	ECL2	5.36
GNA11	0.335625999	ECL2	5.36
GNA12	0.205599658	ECL2	5.36
GNA13	0.162340354	ECL2	5.36
GNA14	0.358489047	ECL2	5.36
GNA15	0.160025579	ECL2	5.36
GNAI1	0.075014556	ECL2	5.36
GNAI2	0.10525938	ECL2	5.36
GNAQ	0.324332343	ECL2	5.36
GNAS	-0.082184218	ECL2	5.36
GNAZ	0.014578733	ECL2	5.36
GoA	0.151786964	ECL2	5.36
GoB	-0.065487409	ECL2	5.36
Barr1-GRK2	0.221826955	ECL2	5.37
Barr2	0.167133479	ECL2	5.37
Barr2-GRK2	0.093049334	ECL2	5.37
GNA11	0.109652289	ECL2	5.37
GNA12	0.164366386	ECL2	5.37
GNA13	-0.098530743	ECL2	5.37
GNA14	0.261086615	ECL2	5.37
GNA15	0.146032517	ECL2	5.37
GNAI1	0.056914341	ECL2	5.37
GNAI2	0.132239966	ECL2	5.37
GNAQ	0.19821252	ECL2	5.37
GNAS	-0.137997561	ECL2	5.37
GNAZ	-0.009603241	ECL2	5.37
GoA	0.12972933	ECL2	5.37
GoB	0.0172479	ECL2	5.37
Barr1-GRK2	0.060513168	ECL2	5.39
Barr2	0.181560067	ECL2	5.39
Barr2-GRK2	0.316453097	ECL2	5.39
GNA11	-0.193641433	ECL2	5.39
GNA12	0.241638759	ECL2	5.39
GNA13	-0.191852802	ECL2	5.39
GNA14	0.212438214	ECL2	5.39
GNA15	0.172768992	ECL2	5.39
GNAI1	0.434658439	ECL2	5.39
GNAI2	0.4497372	ECL2	5.39
GNAQ	0.060850069	ECL2	5.39
GNAS	-0.215874798	ECL2	5.39
GNAZ	0.266896235	ECL2	5.39
GoA	0.590063127	ECL2	5.39
GoB	0.290111853	ECL2	5.39
Barr1-GRK2	0.124503005	ECL2	ECL2
Barr2	0.062586506	ECL2	ECL2
Barr2-GRK2	0.08740171	ECL2	ECL2
GNA11	0.333487171	ECL2	ECL2
GNA12	0.27921482	ECL2	ECL2
GNA13	0.297897274	ECL2	ECL2
GNA14	0.297169661	ECL2	ECL2
GNA15	0.167772979	ECL2	ECL2
GNAI1	0.145674252	ECL2	ECL2
GNAI2	0.160671051	ECL2	ECL2
GNAQ	0.317855466	ECL2	ECL2
GNAS	-0.231803596	ECL2	ECL2
GNAZ	0.012574641	ECL2	ECL2
GoA	0.222619388	ECL2	ECL2
GoB	-0.003876205	ECL2	ECL2
Barr1-GRK2	0.029184304	ECL2	ECL2.51
Barr2	0.021334549	ECL2	ECL2.51
Barr2-GRK2	0.04523218	ECL2	ECL2.51
GNA11	-0.151818878	ECL2	ECL2.51
GNA12	-0.257120705	ECL2	ECL2.51
GNA13	0.087307873	ECL2	ECL2.51
GNA14	-0.047203688	ECL2	ECL2.51
GNA15	0.148939854	ECL2	ECL2.51
GNAI1	0.383082394	ECL2	ECL2.51
GNAI2	0.406387081	ECL2	ECL2.51
GNAQ	-0.164731414	ECL2	ECL2.51
GNAS	-1	ECL2	ECL2.51
GNAZ	0.049817271	ECL2	ECL2.51
GoA	0.396090493	ECL2	ECL2.51
GoB	0.132730431	ECL2	ECL2.51
Barr1-GRK2	0.034816985	ECL3	7.29
Barr2	0.082662452	ECL3	7.29
Barr2-GRK2	0.239644338	ECL3	7.29
GNA11	-0.120965107	ECL3	7.29
GNA12	-0.268003369	ECL3	7.29
GNA13	0.116694015	ECL3	7.29
GNA14	-0.124180014	ECL3	7.29
GNA15	0.153196486	ECL3	7.29
GNAI1	0.304785714	ECL3	7.29
GNAI2	0.223325855	ECL3	7.29
GNAQ	-0.218885514	ECL3	7.29
GNAS	-0.073286574	ECL3	7.29
GNAZ	0.132906393	ECL3	7.29
GoA	0.078177134	ECL3	7.29
GoB	0.290111853	ECL3	7.29
Barr1-GRK2	0.075658185	ECL3	7.3
Barr2	0.162476855	ECL3	7.3
Barr2-GRK2	0.223625566	ECL3	7.3
GNA11	0.422291228	ECL3	7.3
GNA12	0.137998329	ECL3	7.3
GNA13	0.257225376	ECL3	7.3
GNA14	0.39974258	ECL3	7.3
GNA15	0.230387203	ECL3	7.3
GNAI1	0.236326974	ECL3	7.3
GNAI2	0.173878695	ECL3	7.3
GNAQ	0.350890744	ECL3	7.3
GNAS	-0.15116381	ECL3	7.3
GNAZ	0.275416027	ECL3	7.3
GoA	0.348368613	ECL3	7.3
GoB	0.290111853	ECL3	7.3
Barr1-GRK2	0.102097097	ECL3	7.33
Barr2	0.127714351	ECL3	7.33
Barr2-GRK2	0.113477163	ECL3	7.33
GNA11	0.202991438	ECL3	7.33
GNA12	-0.415819891	ECL3	7.33
GNA13	-0.626725115	ECL3	7.33
GNA14	0.20017268	ECL3	7.33
GNA15	0.204979283	ECL3	7.33
GNAI1	-0.328592275	ECL3	7.33
GNAI2	-0.329449423	ECL3	7.33
GNAQ	0.19821252	ECL3	7.33
GNAS	0.262427669	ECL3	7.33
GNAZ	-0.139704343	ECL3	7.33
GoA	-0.15644811	ECL3	7.33
GoB	-0.177644104	ECL3	7.33
Barr1-GRK2	-0.141443838	ECL3	ECL3
Barr2	0.00087554	ECL3	ECL3
Barr2-GRK2	-0.014472695	ECL3	ECL3
GNA11	-0.089242101	ECL3	ECL3
GNA12	-0.064251133	ECL3	ECL3
GNA13	-0.357183582	ECL3	ECL3
GNA14	0.038046706	ECL3	ECL3
GNA15	0.262597494	ECL3	ECL3
GNAI1	-0.275563194	ECL3	ECL3
GNAI2	-0.180520613	ECL3	ECL3
GNAQ	-0.068744136	ECL3	ECL3
GNAS	0.090856439	ECL3	ECL3
GNAZ	-0.333272563	ECL3	ECL3
GoA	-0.275440855	ECL3	ECL3
GoB	-0.192900239	ECL3	ECL3
Barr1-GRK2	0.221826955	ICL1.48	2.4
Barr2	0.167133479	ICL1.48	2.4
Barr2-GRK2	0.210345662	ICL1.48	2.4
GNA11	-0.022982272	ICL1.48	2.4
GNA12	-0.016546417	ICL1.48	2.4
GNA13	0.210016074	ICL1.48	2.4
GNA14	0.182055423	ICL1.48	2.4
GNA15	0.146032517	ICL1.48	2.4
GNAI1	0.347088795	ICL1.48	2.4
GNAI2	0.376134144	ICL1.48	2.4
GNAQ	0.100167861	ICL1.48	2.4
GNAS	-0.789540647	ICL1.48	2.4
GNAZ	0.324045336	ICL1.48	2.4
GoA	0.371423844	ICL1.48	2.4
GoB	0.112716927	ICL1.48	2.4
Barr1-GRK2	-0.103112918	ICL1.49	2.4
Barr2	0.011436561	ICL1.49	2.4
Barr2-GRK2	0.068030631	ICL1.49	2.4
GNA11	-0.066022882	ICL1.49	2.4
GNA12	0.060725956	ICL1.49	2.4
GNA13	0.169022788	ICL1.49	2.4
GNA14	-0.124180014	ICL1.49	2.4
GNA15	-0.142517124	ICL1.49	2.4
GNAI1	-0.106876561	ICL1.49	2.4
GNAI2	-0.231839069	ICL1.49	2.4
GNAQ	-0.031333092	ICL1.49	2.4
GNAS	-0.025604882	ICL1.49	2.4
GNAZ	-0.297241435	ICL1.49	2.4
GoA	-0.228140701	ICL1.49	2.4
GoB	-0.245332944	ICL1.49	2.4
Barr1-GRK2	-0.044462523	ICL1.5	2.4
Barr2	0.030630406	ICL1.5	2.4
Barr2-GRK2	0.089789345	ICL1.5	2.4
GNA11	0.069430434	ICL1.5	2.4
GNA12	0.102311804	ICL1.5	2.4
GNA13	0.224036236	ICL1.5	2.4
GNA14	-0.013676427	ICL1.5	2.4
GNA15	0.02945902	ICL1.5	2.4
GNAI1	-0.140194384	ICL1.5	2.4
GNAI2	-0.150683827	ICL1.5	2.4
GNAQ	0.021431824	ICL1.5	2.4
GNAS	0.027563409	ICL1.5	2.4
GNAZ	-0.100865291	ICL1.5	2.4
GoA	-0.110475105	ICL1.5	2.4
GoB	-0.029742371	ICL1.5	2.4
Barr1-GRK2	0.32763587	ICL2.56	4.41
Barr2	0.206177109	ICL2.56	4.41
Barr2-GRK2	0.125134709	ICL2.56	4.41
GNA11	0.142106761	ICL2.56	4.41
GNA12	0.556018218	ICL2.56	4.41
GNA13	0.606579776	ICL2.56	4.41
GNA14	0.326806239	ICL2.56	4.41
GNA15	0.335297953	ICL2.56	4.41
GNAI1	0.111166162	ICL2.56	4.41
GNAI2	0.177839098	ICL2.56	4.41
GNAQ	0.250977436	ICL2.56	4.41
GNAS	-0.168983011	ICL2.56	4.41
GNAZ	0.113101873	ICL2.56	4.41
GoA	0.047792899	ICL2.56	4.41
GoB	0.189479887	ICL2.56	4.41
Barr1-GRK2	-0.555792689	ICL2.57	4.42
Barr2	-0.189776839	ICL2.57	4.42
Barr2-GRK2	-0.206795099	ICL2.57	4.42
GNA12	-0.320327734	ICL2.57	4.42
GNA13	-0.191852802	ICL2.57	4.42
GNA15	-0.142517124	ICL2.57	4.42
GNAI1	-0.270667462	ICL2.57	4.42
GNAI2	-0.293893312	ICL2.57	4.42
GNAS	0.064729536	ICL2.57	4.42
GNAZ	-0.569852172	ICL2.57	4.42
GoA	-0.729808521	ICL2.57	4.42
GoB	-0.407281823	ICL2.57	4.42
Barr1-GRK2	0.011849143	ICL3	6.26
Barr2	0.141424071	ICL3	6.26
Barr2-GRK2	0.167794542	ICL3	6.26
GNA11	-0.193641433	ICL3	6.26
GNA12	-0.139414932	ICL3	6.26
GNA13	-0.500399618	ICL3	6.26
GNA14	-0.108871757	ICL3	6.26
GNA15	0.313880886	ICL3	6.26
GNAI1	0.114839154	ICL3	6.26
GNAI2	0.059160033	ICL3	6.26
GNAQ	-0.097723244	ICL3	6.26
GNAS	-0.009079058	ICL3	6.26
GNAZ	0.156088554	ICL3	6.26
GoA	0.200318783	ICL3	6.26
GoB	0.23101997	ICL3	6.26
Barr1-GRK2	0.344611842	ICL3	6.29
Barr2	0.285643056	ICL3	6.29
Barr2-GRK2	0.078684161	ICL3	6.29
GNA11	-0.36146924	ICL3	6.29
GNA12	0.028927909	ICL3	6.29
GNA13	-0.112369994	ICL3	6.29
GNA14	0.169315081	ICL3	6.29
GNA15	0.104204654	ICL3	6.29
GNAI1	0.03262487	ICL3	6.29
GNAI2	0.111824453	ICL3	6.29
GNAQ	-0.301224673	ICL3	6.29
GNAS	-0.015355563	ICL3	6.29
GNAZ	0.07426282	ICL3	6.29
GoA	0.206845035	ICL3	6.29
GoB	0.061919755	ICL3	6.29
Barr1-GRK2	0.32763587	ICL3	6.3
Barr2	0.206177109	ICL3	6.3
Barr2-GRK2	0.053284913	ICL3	6.3
GNA11	0.393386978	ICL3	6.3
GNA12	0.556018218	ICL3	6.3
GNA13	0.493577769	ICL3	6.3
GNA14	0.367112358	ICL3	6.3
GNA15	-0.106945597	ICL3	6.3
GNAI1	0.111166162	ICL3	6.3
GNAI2	0.177839098	ICL3	6.3
GNAQ	0.349022096	ICL3	6.3
GNAS	-0.121301319	ICL3	6.3
GNAZ	0.00994239	ICL3	6.3
GoA	0.123011972	ICL3	6.3
GoB	0.027531009	ICL3	6.3
Barr1-GRK2	-0.132814121	ICL3	ICL3
Barr2	0.212649962	ICL3	ICL3
Barr2-GRK2	0.199156769	ICL3	ICL3
GNA11	0.084345781	ICL3	ICL3
GNA12	0.5521483	ICL3	ICL3
GNA13	0.312238824	ICL3	ICL3
GNA14	0.219725058	ICL3	ICL3
GNA15	0.230387203	ICL3	ICL3
GNAI1	0.091454904	ICL3	ICL3
GNAI2	0.161271613	ICL3	ICL3
GNAQ	0.19821252	ICL3	ICL3
GNAS	-0.025604882	ICL3	ICL3
GNAZ	0.132906393	ICL3	ICL3
GoA	0.348368613	ICL3	ICL3
GoB	0.1616997	ICL3	ICL3
Barr1-GRK2	-0.132814121	Nterm	1.32
Barr2	-0.064705232	Nterm	1.32
Barr2-GRK2	0.068030631	Nterm	1.32
GNA11	0.257933662	Nterm	1.32
GNA12	0.060725956	Nterm	1.32
GNA13	0.116694015	Nterm	1.32
GNA14	0.276161149	Nterm	1.32
GNA15	0.072977921	Nterm	1.32
GNAI1	0.091454904	Nterm	1.32
GNAI2	0.096683855	Nterm	1.32
GNAQ	0.19821252	Nterm	1.32
GNAS	-0.189747895	Nterm	1.32
GNAZ	-0.066752341	Nterm	1.32
GoA	-0.019453608	Nterm	1.32
GoB	-0.049231952	Nterm	1.32
Barr1-GRK2	-1	Nterm	Nterm
Barr2	-1	Nterm	Nterm
Barr2-GRK2	-1	Nterm	Nterm
GNA11	-1	Nterm	Nterm
GNA12	-0.919989025	Nterm	Nterm
GNA13	-1	Nterm	Nterm
GNA14	-1	Nterm	Nterm
GNA15	-1	Nterm	Nterm
GNAI1	0.331965807	Nterm	Nterm
GNAI2	0.090610219	Nterm	Nterm
GNAQ	-1	Nterm	Nterm
GNAS	-0.22010686	Nterm	Nterm
GNAZ	0.066385452	Nterm	Nterm
GoA	0.42208858	Nterm	Nterm
GoB	0.232169805	Nterm	Nterm
