6.26	6.27
6.48	6.51
3.52	3.56
6.51	6.55
3.43	3.49
3.46	3.53
3.42	3.5
3.25	3.46
Nterm	Nterm
1.36	2.61
1.36	2.65
1.39	2.61
1.4	2.61
1.4	2.65
1.42	2.53
1.46	2.54
1.47	2.51
1.47	2.54
1.53	2.47
1.54	2.44
1.54	2.47
1.56	8.5
1.57	2.39
1.57	2.4
1.57	2.41
1.57	2.42
1.57	2.43
1.57	2.44
1.58	2.44
1.6	8.53
ICL1.48	2.4
ICL1.5	2.4
2.38	4.42
2.39	3.49
2.42	3.46
2.42	3.49
2.45	3.42
2.49	3.39
2.49	3.42
2.59	3.24
2.59	3.28
2.6	3.28
2.6	3.29
2.6	3.32
2.62	ECL1.51
2.63	3.29
2.66	ECL1.51
3.3	4.62
3.33	4.61
3.34	4.54
3.37	4.57
3.38	4.5
3.38	4.53
3.41	4.52
3.41	4.53
3.41	4.56
3.42	4.46
3.42	4.49
3.42	4.5
3.44	4.49
3.45	4.45
3.45	4.49
3.48	5.57
3.49	ICL2.57
3.49	4.39
3.49	4.41
3.49	4.42
3.51	5.6
3.52	ICL2.52
3.52	ICL2.56
3.52	ICL2.57
3.55	5.64
ICL2.56	4.41
4.57	5.461
4.61	5.39
ECL2	ECL2
ECL2	ECL2.51
ECL2	5.35
ECL2	5.36
5.36	6.59
5.37	6.6
5.43	6.55
5.461	6.52
5.47	6.49
5.51	6.45
5.54	6.41
5.61	6.33
5.61	6.34
5.61	6.37
5.62	6.34
5.65	6.3
5.65	6.33
5.65	6.34
5.65	6.37
5.66	6.34
ICL3	6.3
6.32	8.48
6.36	7.56
6.36	8.48
6.39	7.56
6.4	7.52
6.43	7.52
6.48	7.41
6.5	7.33
6.51	7.38
6.54	7.3
6.54	7.33
6.54	7.34
6.54	7.37
6.55	7.38
6.57	7.3
6.57	7.33
6.58	7.27
6.58	7.3
6.58	7.34
6.61	ECL3
6.61	7.26
6.61	7.27
6.61	7.3
6.61	7.33
1.36	2.64
1.39	2.56
1.39	2.6
1.42	2.56
1.5	2.47
1.51	2.51
1.6	2.4
2.41	4.42
2.42	4.42
2.42	4.46
2.43	3.46
2.49	3.38
2.56	3.28
2.56	3.35
ECL1.52	3.24
3.37	5.461
3.47	5.58
5.4	6.59
5.44	6.55
5.66	6.3
6.43	7.48
6.47	7.41
6.48	7.42
6.48	7.46
6.51	7.34
6.55	7.34
Cterm	Cterm
1.43	2.54
1.47	2.55
1.54	2.51
1.56	8.54
1.59	8.57
2.49	3.35
2.53	7.46
2.62	ECL1.52
3.25	ECL2.5
3.41	5.461
3.45	4.46
3.49	4.45
4.61	5.4
ECL2	5.37
5.55	6.45
5.62	6.35
6.57	ECL3
1.42	2.54
1.45	2.54
1.49	2.54
1.5	2.54
1.51	2.54
1.53	2.54
1.54	2.48
1.54	2.54
1.57	ICL1.5
2.52	3.35
2.53	3.35
2.551	3.35
2.63	ECL1.5
3.33	4.57
3.52	ICL2.55
3.56	ICL2.56
4.56	5.461
5.41	6.6
5.62	6.37
5.66	6.35
6.35	7.56
6.4	7.53
6.51	7.41
6.55	7.41
8.59	Cterm
1.35	2.65
1.46	2.5
1.52	2.54
ICL3	ICL3
6.58	ECL3
ECL3	ECL3
1.35	2.64
2.5	3.39
2.66	3.21
ECL2	5.39
ICL3	6.26
6.52	7.41
ECL3	7.3
4.6	5.39
1.53	2.43
1.57	2.47
ICL1	2.4
2.45	4.5
2.66	ECL1.52
3.49	ICL2.53
3.49	4.46
5.65	6.31
5.66	6.31
ICL1.49	2.4
2.46	3.46
3.37	4.53
5.47	6.52
5.62	6.38
6.61	7.29
8.55	Cterm
Nterm	1.32
3.3	4.61
3.49	4.43
3.55	5.6
2.5	7.46
1.56	8.57
1.6	8.56
ECL1.5	3.21
3.53	ICL2.53
1.55	8.57
6.48	7.38
ICL2.57	4.42
