7e32	R	195	2
7e32	R	196	3
7e32	R	197	4
7e32	R	198	5
7e32	R	199	6
7e32	R	200	7
7e32	R	201	8
7e32	R	202	9
7e32	R	203	10
7e32	R	204	11
7e32	R	205	12
7e32	R	206	13
7e32	R	207	14
7e32	R	208	15
7e32	R	209	16
7e32	R	210	17
7e32	R	211	18
7e32	R	212	19
7e32	R	213	20
7e32	R	214	21
7e32	R	215	22
7e32	R	216	23
7e32	R	217	24
7e32	R	218	25
7e32	R	219	26
7e32	R	220	27
7e32	R	221	28
7e32	R	222	29
7e32	R	223	30
7e32	R	224	31
7e32	R	225	32
7e32	R	226	33
7e32	R	227	34
7e32	R	228	35
7e32	R	229	36
7e32	R	230	37
7e32	R	231	38
7e32	R	232	39
7e32	R	233	40
7e32	R	234	41
7e32	R	235	42
7e32	R	236	43
7e32	R	237	44
7e32	R	238	45
7e32	R	239	46
7e32	R	240	47
7e32	R	241	49
7e32	R	242	50
7e32	R	243	51
7e32	R	244	52
7e32	R	245	53
7e32	R	246	54
7e32	R	247	55
7e32	R	248	56
7e32	R	249	57
7e32	R	250	58
7e32	R	251	59
7e32	R	252	60
7e32	R	253	61
7e32	R	254	62
7e32	R	255	63
7e32	R	256	64
7e32	R	257	65
7e32	R	258	66
7e32	R	259	67
7e32	R	260	68
7e32	R	261	69
7e32	R	262	70
7e32	R	263	71
7e32	R	264	72
7e32	R	265	73
7e32	R	266	74
7e32	R	267	75
7e32	R	268	76
7e32	R	269	77
7e32	R	270	78
7e32	R	271	79
7e32	R	272	80
7e32	R	273	81
7e32	R	274	82
7e32	R	275	83
7e32	R	276	84
7e32	R	277	85
7e32	R	278	86
7e32	R	279	87
7e32	R	280	88
7e32	R	281	89
7e32	R	282	90
7e32	R	283	91
7e32	R	284	92
7e32	R	285	93
7e32	R	286	94
7e32	R	287	95
7e32	R	288	96
7e32	R	289	97
7e32	R	290	98
7e32	R	291	99
7e32	R	292	100
7e32	R	293	101
7e32	R	294	102
7e32	R	295	103
7e32	R	296	104
7e32	R	297	105
7e32	R	298	106
7e32	R	299	107
7e32	R	300	108
7e32	R	301	109
7e32	R	302	110
7e32	R	303	111
7e32	R	304	112
7e32	R	305	113
7e32	R	306	114
7e32	R	307	115
7e32	R	308	116
7e32	R	309	117
7e32	R	310	118
7e32	R	311	119
7e32	R	312	120
7e32	R	313	121
7e32	R	314	122
7e32	R	315	123
7e32	R	316	124
7e32	R	317	125
7e32	R	318	126
7e32	R	319	129
7e32	R	320	130
7e32	R	321	131
7e32	R	322	132
7e32	R	323	133
7e32	R	324	134
7e32	R	325	135
7e32	R	326	136
7e32	R	327	137
7e32	R	328	138
7e32	R	329	139
7e32	R	330	140
7e32	R	331	141
7e32	R	332	142
7e32	R	333	143
7e32	R	334	146
7e32	R	335	147
7e32	R	336	148
7e32	R	337	149
7e32	R	338	150
7e32	R	339	151
7e32	R	340	152
7e32	R	341	153
7e32	R	342	154
7e32	R	343	155
7e32	R	344	156
7e32	R	345	157
7e32	R	346	158
7e32	R	347	159
7e32	R	348	160
7e32	R	349	161
7e32	R	350	162
7e32	R	351	163
7e32	R	352	164
7e32	R	353	165
7e32	R	354	166
7e32	R	355	167
7e32	R	356	168
7e32	R	357	169
7e32	R	358	170
7e32	R	359	171
7e32	R	360	172
7e32	R	361	173
7e32	R	362	174
7e32	R	363	175
7e32	R	364	176
7e32	R	365	177
7e32	R	366	178
7e32	R	367	179
7e32	R	368	180
7e32	R	369	181
7e32	R	370	182
7e32	R	371	183
7e32	R	372	184
7e32	R	373	185
7e32	R	374	186
7e32	R	375	187
7e32	R	376	188
7e32	R	377	189
7e32	R	423	190
7e32	R	424	191
7e32	R	425	192
7e32	R	426	193
7e32	R	427	194
7e32	R	428	195
7e32	R	429	196
7e32	R	430	197
7e32	R	431	198
7e32	R	432	199
7e32	R	433	200
7e32	R	434	201
7e32	R	435	202
7e32	R	436	203
7e32	R	437	204
7e32	R	438	205
7e32	R	439	206
7e32	R	440	207
7e32	R	441	208
7e32	R	442	209
7e32	R	443	210
7e32	R	444	211
7e32	R	445	212
7e32	R	446	213
7e32	R	447	214
7e32	R	448	215
7e32	R	449	216
7e32	R	450	217
7e32	R	451	218
7e32	R	452	219
7e32	R	453	220
7e32	R	454	221
7e32	R	455	222
7e32	R	456	223
7e32	R	457	224
7e32	R	458	225
7e32	R	459	226
7e32	R	460	227
7e32	R	461	228
7e32	R	462	229
7e32	R	463	230
7e32	R	464	231
7e32	R	465	232
7e32	R	466	236
7e32	R	467	237
7e32	R	468	238
7e32	R	469	239
7e32	R	470	240
7e32	R	471	241
7e32	R	472	242
7e32	R	473	243
7e32	R	474	244
7e32	R	475	245
7e32	R	476	246
7e32	R	477	247
7e32	R	478	248
7e32	R	479	249
7e32	R	480	250
7e32	R	482	251
7e32	R	483	252
7e32	R	484	253
7e32	R	485	254
7e32	R	486	255
7e32	R	487	256
7e32	R	488	257
7e32	R	489	258
7e32	R	490	259
7e32	R	491	260
7e32	R	492	261
7e32	R	493	262
7e32	R	494	263
7e32	R	495	264
