7e33	R	141	15
7e33	R	142	16
7e33	R	143	17
7e33	R	144	20
7e33	R	145	21
7e33	R	146	22
7e33	R	147	23
7e33	R	148	24
7e33	R	149	25
7e33	R	150	26
7e33	R	151	27
7e33	R	152	28
7e33	R	153	29
7e33	R	154	30
7e33	R	155	31
7e33	R	156	32
7e33	R	157	33
7e33	R	158	34
7e33	R	159	35
7e33	R	160	36
7e33	R	161	37
7e33	R	162	38
7e33	R	163	39
7e33	R	164	40
7e33	R	165	41
7e33	R	166	42
7e33	R	167	43
7e33	R	168	44
7e33	R	169	45
7e33	R	170	46
7e33	R	171	47
7e33	R	172	48
7e33	R	173	49
7e33	R	174	50
7e33	R	175	51
7e33	R	176	52
7e33	R	177	53
7e33	R	178	54
7e33	R	179	55
7e33	R	180	56
7e33	R	181	57
7e33	R	182	58
7e33	R	183	59
7e33	R	184	60
7e33	R	185	61
7e33	R	186	62
7e33	R	187	63
7e33	R	188	64
7e33	R	189	65
7e33	R	190	66
7e33	R	191	67
7e33	R	192	68
7e33	R	193	69
7e33	R	194	70
7e33	R	195	71
7e33	R	196	72
7e33	R	197	73
7e33	R	198	74
7e33	R	199	75
7e33	R	200	76
7e33	R	201	77
7e33	R	202	78
7e33	R	203	79
7e33	R	204	80
7e33	R	205	81
7e33	R	206	82
7e33	R	207	83
7e33	R	208	84
7e33	R	209	85
7e33	R	210	86
7e33	R	211	87
7e33	R	212	88
7e33	R	213	89
7e33	R	214	90
7e33	R	215	91
7e33	R	216	92
7e33	R	217	93
7e33	R	218	94
7e33	R	219	95
7e33	R	220	96
7e33	R	221	97
7e33	R	222	98
7e33	R	223	99
7e33	R	224	100
7e33	R	225	101
7e33	R	226	102
7e33	R	227	103
7e33	R	228	104
7e33	R	229	105
7e33	R	230	106
7e33	R	231	107
7e33	R	232	108
7e33	R	233	109
7e33	R	234	110
7e33	R	235	111
7e33	R	236	112
7e33	R	237	113
7e33	R	238	114
7e33	R	239	115
7e33	R	240	116
7e33	R	241	117
7e33	R	242	118
7e33	R	243	119
7e33	R	244	120
7e33	R	245	121
7e33	R	246	122
7e33	R	247	123
7e33	R	248	124
7e33	R	249	125
7e33	R	250	126
7e33	R	251	127
7e33	R	252	128
7e33	R	253	129
7e33	R	254	130
7e33	R	255	131
7e33	R	256	132
7e33	R	257	133
7e33	R	258	134
7e33	R	259	135
7e33	R	260	136
7e33	R	261	137
7e33	R	262	138
7e33	R	263	139
7e33	R	264	140
7e33	R	265	141
7e33	R	266	142
7e33	R	267	143
7e33	R	268	144
7e33	R	269	145
7e33	R	270	146
7e33	R	271	147
7e33	R	273	148
7e33	R	274	149
7e33	R	275	150
7e33	R	276	151
7e33	R	277	152
7e33	R	278	153
7e33	R	279	154
7e33	R	280	155
7e33	R	281	156
7e33	R	282	157
7e33	R	283	158
7e33	R	284	159
7e33	R	285	160
7e33	R	286	161
7e33	R	287	162
7e33	R	288	163
7e33	R	289	164
7e33	R	290	165
7e33	R	291	166
7e33	R	292	167
7e33	R	293	168
7e33	R	294	169
7e33	R	295	170
7e33	R	296	171
7e33	R	297	172
7e33	R	298	173
7e33	R	299	174
7e33	R	300	175
7e33	R	301	176
7e33	R	302	177
7e33	R	303	178
7e33	R	304	179
7e33	R	305	180
7e33	R	306	181
7e33	R	307	182
7e33	R	308	183
7e33	R	309	184
7e33	R	310	185
7e33	R	311	186
7e33	R	312	187
7e33	R	313	188
7e33	R	314	189
7e33	R	315	190
7e33	R	316	191
7e33	R	317	192
7e33	R	318	200
7e33	R	319	201
7e33	R	320	202
7e33	R	321	203
7e33	R	322	204
7e33	R	323	205
7e33	R	324	206
7e33	R	325	207
7e33	R	326	208
7e33	R	327	209
7e33	R	328	210
7e33	R	329	211
7e33	R	330	212
7e33	R	331	213
7e33	R	332	214
7e33	R	333	215
7e33	R	334	216
7e33	R	335	217
7e33	R	336	218
7e33	R	337	219
7e33	R	338	220
7e33	R	339	221
7e33	R	340	222
7e33	R	341	223
7e33	R	342	224
7e33	R	343	225
7e33	R	344	226
7e33	R	345	227
7e33	R	346	228
7e33	R	347	229
7e33	R	348	230
7e33	R	349	231
7e33	R	350	232
7e33	R	351	233
7e33	R	352	234
7e33	R	353	235
7e33	R	354	236
7e33	R	355	237
7e33	R	356	238
7e33	R	357	239
7e33	R	358	240
7e33	R	359	241
7e33	R	360	242
7e33	R	361	243
7e33	R	362	244
7e33	R	363	245
7e33	R	424	246
7e33	R	425	247
7e33	R	426	248
7e33	R	427	249
7e33	R	428	250
7e33	R	429	251
7e33	R	430	252
7e33	R	431	253
7e33	R	432	254
7e33	R	433	255
7e33	R	434	256
7e33	R	435	257
7e33	R	436	258
7e33	R	437	259
7e33	R	438	260
7e33	R	439	261
7e33	R	440	262
7e33	R	441	263
7e33	R	442	264
7e33	R	443	265
7e33	R	444	266
7e33	R	445	267
7e33	R	446	268
7e33	R	447	269
7e33	R	448	270
7e33	R	449	271
7e33	R	450	272
7e33	R	451	273
7e33	R	452	274
7e33	R	453	275
7e33	R	454	276
7e33	R	455	277
7e33	R	456	278
7e33	R	457	279
7e33	R	458	280
7e33	R	459	282
7e33	R	460	283
7e33	R	461	284
7e33	R	462	285
7e33	R	463	286
7e33	R	464	287
7e33	R	465	288
7e33	R	466	289
7e33	R	467	290
7e33	R	468	291
7e33	R	469	292
7e33	R	470	293
7e33	R	471	294
7e33	R	472	295
7e33	R	473	296
7e33	R	474	297
7e33	R	475	298
7e33	R	476	299
7e33	R	477	300
7e33	R	478	301
7e33	R	479	302
7e33	R	480	303
7e33	R	481	304
7e33	R	482	305
7e33	R	483	306
7e33	R	484	307
7e33	R	485	308
7e33	R	486	309
7e33	R	487	310
7e33	R	488	311
7e33	R	489	312
7e33	R	490	313
7e33	R	491	314
7e33	R	492	315
7e33	R	493	316
7e33	R	494	317
7e33	R	495	318
7e33	R	496	319
7e33	R	497	320
7e33	R	498	321
7e33	R	499	322
7e33	R	500	323
7e33	R	501	324
