GPCR	169bip	169bin	171bip	171bin	186bip	186bin	262bip	262bin	267bip	267bin	269bip	269bin	276bip	276bin	378bip	378bin	390bip	390bin	413bip	413bin	418bip	418bin	655bip	655bin	671bip	671bin	733bip	733bin	IP_Z_6vms	L_CTL	O
HCRTR2	2.59647	1.9789	1.74267	0.40742	1.75909	1.77544	1.10907	2.68944	2.80897	2.93518	1.1557	1.22677	0.86488	0.76049	1.95034	1.28369	3.42546	3.62421	1.18916	1.5698	3.64887	4.21456	0.91659	1.67428	2.39706	4.02471	1.41273	1.33631	0.46	8	1
ADORA1	1.31142	1.38055	1.74267	0.40742	1.75909	1.77544	1.1623	1.13001	1.27566	1.72135	1.1557	1.22677	0.85998	1.28221	1.99654	2.17764	1.94488	2.06396	2.42356	2.13295	2.242	1.46602	1.09847	1.03676	1.52389	2.61278	1.41273	1.33631	1.431	2	1
ADORA3	1.31142	1.38055	1.49685	2.94958	2.23983	1.8133	1.1623	1.13001	1.27566	1.72135	1.1557	1.22677	0.85998	1.28221	1.99654	2.17764	2.42524	1.6654	2.42356	2.13295	2.242	1.46602	0.91659	1.67428	1.52389	2.61278	1.41273	1.33631	1.965	4	1
MTNR1B	1.31142	1.38055	2.26203	2.42672	1.75909	1.77544	1.10907	2.68944	1.27566	1.72135	1.1557	1.22677	0.86488	0.76049	2.64057	3.58675	1.33568	1.77921	2.08022	2.00719	4.54774	5.11265	0.91659	1.67428	1.52389	2.61278	1.41273	1.33631	0.745	7	1
PTGER1	5.85593	5.47482	5.18273	6.75663	2.95341	3.35756	1.95048	2.15624	3.31565	4.3413	1.1557	1.22677	0.85998	1.28221	2.64057	3.58675	1.33568	1.77921	1.18916	1.5698	4.12202	5.11265	1.09847	1.03676	3.39164	4.6157	2.61124	2.12182	0.816	11	1
GPR39	5.85593	5.47482	5.18273	6.75663	2.23983	1.8133	1.95048	2.15624	2.76659	3.3921	0.64891	1.25923	0.86488	0.76049	1.95034	1.28369	1.33568	1.77921	1.18916	1.5698	4.54774	5.11265	1.09847	1.03676	3.45373	5.1104	1.79473	1.3362	0.333	10	1
LTB4R	2.1142	2.42096	2.26203	2.42672	1.75909	1.77544	1.10907	2.68944	1.27566	1.72135	0.64891	1.25923	0.85998	1.28221	1.95034	1.28369	1.33568	1.77921	1.18916	1.5698	4.54774	5.11265	1.09847	1.03676	1.80505	1.61012	1.6068	2.30563	-1.943	10	1
C5AR1	2.1142	2.42096	1.49685	2.94958	1.75909	1.77544	1.1623	1.13001	2.76659	3.3921	0.64891	1.25923	0.85998	1.28221	1.95034	1.28369	1.33568	1.77921	2.62454	3.62668	4.54774	5.11265	0.91659	1.67428	1.80505	1.61012	1.41273	1.33631	-1.002	5	1
CCR5	1.31142	1.38055	1.96068	4.79542	1.80984	2.3124	1.1623	1.13001	2.13371	2.23291	3.25849	2.9411	0.85998	1.28221	2.00888	1.14642	1.94488	2.06396	1.18916	1.5698	4.54774	5.11265	1.09847	1.03676	1.80505	1.61012	1.41273	1.33631	-1.728	3	1
CCR6	2.1142	2.42096	2.78318	3.55129	1.75909	1.77544	3.753	2.94292	2.80897	2.93518	0.64891	1.25923	0.86488	0.76049	3.95968	4.84361	2.13772	2.51643	1.18916	1.5698	4.54774	5.11265	0.91659	1.67428	3.92242	4.3762	1.6068	2.30563	-1.588	3	1
EDNRA	1.20087	1.80446	1.96068	4.79542	1.75909	1.77544	1.10907	2.68944	1.27566	1.72135	0.64891	1.25923	0.85998	1.28221	3.88588	5.57015	3.67026	4.57486	3.09843	2.84281	4.54774	5.11265	2.32054	1.85019	1.52389	2.61278	1.41273	1.33631	0.982	3	1
PTGER3	2.23618	3.76186	2.4015	4.52105	1.80984	2.3124	1.95048	2.15624	1.27566	1.72135	1.1557	1.22677	0.86488	0.76049	2.27026	2.97558	1.33568	1.77921	1.18916	1.5698	3.01429	4.42355	1.09847	1.03676	1.52389	2.61278	2.61124	2.12182	0.296	8	1
CYSLTR2	1.31142	1.38055	1.49685	2.94958	2.98181	3.32308	1.1623	1.13001	1.96292	1.19776	0.64891	1.25923	3.69683	4.24468	3.15303	4.44796	1.33568	1.77921	1.18916	1.5698	4.54774	5.11265	2.43655	3.70149	1.80505	1.61012	1.79473	1.3362	-1.004	3	1
OPRL1	2.23618	3.76186	1.49685	2.94958	1.80984	2.3124	3.03549	2.60345	1.27566	1.72135	0.64891	1.25923	0.86488	0.76049	1.95034	1.28369	2.42524	1.6654	1.18916	1.5698	4.54774	5.11265	0.91659	1.67428	2.64175	3.0552	1.41273	1.33631	-1.079	3	1
CYSLTR1	1.20087	1.80446	1.49685	2.94958	1.80984	2.3124	1.1623	1.13001	1.27566	1.72135	0.64891	1.25923	0.86488	0.76049	3.15303	4.44796	2.42524	1.6654	1.18916	1.5698	4.54774	5.11265	0.91659	1.67428	1.80505	1.61012	1.79473	1.3362	-1.356	3	1
CNR1	1.20087	1.80446	1.49685	2.94958	1.75909	1.77544	1.10907	2.68944	2.13371	2.23291	1.1557	1.22677	0.86488	0.76049	2.46723	3.02514	1.94488	2.06396	2.24982	1.17814	1.845	2.21444	1.09847	1.03676	1.52389	2.61278	1.41273	1.33631	1.937	5	1
CNR2	1.20087	1.80446	2.4015	4.52105	1.75909	1.77544	1.10907	2.68944	2.13371	2.23291	1.1557	1.22677	2.73591	1.79082	2.00888	1.14642	2.13772	2.51643	2.24982	1.17814	2.21564	1.77247	0.91659	1.67428	2.64175	3.0552	1.6068	2.30563	1.965	5	1
P2RY2	1.20087	1.80446	1.96068	4.79542	3.84388	6.07901	1.1623	1.13001	2.80897	2.93518	0.64891	1.25923	0.85998	1.28221	3.25484	4.177	3.05566	2.77886	1.18916	1.5698	1.845	2.21444	0.91659	1.67428	2.07179	0.57612	1.6068	2.30563	-0.527	6	1
CXCR2	2.23618	3.76186	1.49685	2.94958	1.75909	1.77544	1.1623	1.13001	2.80897	2.93518	0.64891	1.25923	0.86488	0.76049	1.95034	1.28369	2.42524	1.6654	1.18916	1.5698	4.54774	5.11265	0.91659	1.67428	1.80505	1.61012	1.79473	1.3362	-1.518	6	1
PTGER4	1.31142	1.38055	1.49685	2.94958	2.36165	2.66347	1.95048	2.15624	1.27566	1.72135	0.64891	1.25923	0.86488	0.76049	2.46723	3.02514	1.33568	1.77921	3.04472	5.00059	2.57651	3.53774	2.43655	3.70149	1.52389	2.61278	2.61124	2.12182	0.899	21	1
S1PR1	1.20087	1.80446	2.78318	3.55129	2.33199	1.52573	1.10907	2.68944	1.27566	1.72135	1.1557	1.22677	3.69683	4.24468	2.00888	1.14642	3.24882	3.44455	2.08022	2.00719	3.1763	2.32598	0.91659	1.67428	1.52389	2.61278	1.41273	1.33631	1.39	1	1
GPR183	1.20087	1.80446	1.49685	2.94958	4.09105	4.57182	1.10907	2.68944	2.80897	2.93518	0.64891	1.25923	0.85998	1.28221	2.00888	1.14642	1.94488	2.06396	1.18916	1.5698	4.54774	5.11265	1.09847	1.03676	1.80505	1.61012	2.98754	2.84971	-0.284	1	1
ADRA2A	1.31142	1.38055	1.74267	0.40742	1.80984	2.3124	1.1623	1.13001	1.27566	1.72135	0.64891	1.25923	0.86488	0.76049	1.95034	1.28369	2.13772	2.51643	2.24982	1.17814	2.26459	3.26346	0.91659	1.67428	2.07179	0.57612	1.6068	2.30563	2.548	0	1
ADRA2B	1.31142	1.38055	1.74267	0.40742	1.75909	1.77544	1.1623	1.13001	1.27566	1.72135	0.64891	1.25923	0.85998	1.28221	2.00888	1.14642	2.13772	2.51643	2.24982	1.17814	3.53871	4.29104	0.91659	1.67428	2.07179	0.57612	1.6068	2.30563	1.496	1	1
ADRA2C	2.1142	2.42096	1.74267	0.40742	1.75909	1.77544	1.1623	1.13001	1.27566	1.72135	0.64891	1.25923	0.85998	1.28221	2.00888	1.14642	2.13772	2.51643	2.24982	1.17814	2.26459	3.26346	0.91659	1.67428	2.07179	0.57612	1.6068	2.30563	2.692	1	1
AVPR1A	1.20087	1.80446	1.74267	0.40742	3.18876	3.55766	3.23737	2.69505	1.96292	1.19776	3.25849	2.9411	0.85998	1.28221	2.37408	2.72803	1.94488	2.06396	2.42356	2.13295	2.21564	1.77247	1.09847	1.03676	2.07179	0.57612	2.61124	2.12182	0.697	2	1
LTB4R2	2.1142	2.42096	2.26203	2.42672	1.75909	1.77544	1.10907	2.68944	2.13371	2.23291	0.64891	1.25923	0.85998	1.28221	3.25484	4.177	1.94488	2.06396	1.18916	1.5698	4.54774	5.11265	1.09847	1.03676	1.80505	1.61012	1.6068	2.30563	-1.124	11	1
HTR2A	1.31142	1.38055	1.74267	0.40742	2.23983	1.8133	1.1623	1.13001	1.27566	1.72135	0.64891	1.25923	0.86488	0.76049	2.00888	1.14642	2.13772	2.51643	1.18916	1.5698	1.845	2.21444	0.91659	1.67428	2.07179	0.57612	1.79473	1.3362	0.497	7	1
GPR68	1.20087	1.80446	3.43256	5.3797	1.75909	1.77544	1.10907	2.68944	2.80897	2.93518	0.64891	1.25923	0.85998	1.28221	3.15303	4.44796	1.33568	1.77921	2.08022	2.00719	4.54774	5.11265	2.43655	3.70149	1.80505	1.61012	1.6068	2.30563	0.277	9	1
HTR2C	1.31142	1.38055	1.74267	0.40742	2.33199	1.52573	1.1623	1.13001	1.27566	1.72135	0.64891	1.25923	0.86488	0.76049	2.00888	1.14642	2.13772	2.51643	1.18916	1.5698	1.845	2.21444	0.91659	1.67428	2.07179	0.57612	1.79473	1.3362	1.477	6	1
CXCR4	1.31142	1.38055	1.49685	2.94958	1.75909	1.77544	1.10907	2.68944	3.46912	3.64465	0.64891	1.25923	0.86488	0.76049	2.27026	2.97558	2.42524	1.6654	1.18916	1.5698	4.54774	5.11265	2.32054	1.85019	1.80505	1.61012	1.41273	1.33631	-0.611	4	1
GPR84	1.20087	1.80446	1.74267	0.40742	1.75909	1.77544	1.1623	1.13001	2.13371	2.23291	1.1557	1.22677	0.86488	0.76049	2.37408	2.72803	1.94488	2.06396	2.08022	2.00719	1.845	2.21444	0.91659	1.67428	2.07179	0.57612	1.6068	2.30563	0.201	2	1
CHRM4	2.23618	3.76186	2.26203	2.42672	2.23983	1.8133	1.10907	2.68944	2.41795	2.41363	0.64891	1.25923	0.85998	1.28221	2.27026	2.97558	2.15249	1.71265	2.93923	3.95985	2.21564	1.77247	1.09847	1.03676	1.80505	1.61012	2.75223	3.48877	1.617	4	1
OPRK1	2.23618	3.76186	1.49685	2.94958	1.80984	2.3124	1.1623	1.13001	3.41106	3.17432	0.64891	1.25923	0.85998	1.28221	1.95034	1.28369	1.94488	2.06396	1.18916	1.5698	4.54774	5.11265	0.91659	1.67428	2.39706	4.02471	1.41273	1.33631	-1.237	3	1
CXCR5	1.20087	1.80446	1.96068	4.79542	1.75909	1.77544	3.98919	3.09384	2.80897	2.93518	1.1557	1.22677	0.86488	0.76049	2.27026	2.97558	1.33568	1.77921	1.18916	1.5698	4.54774	5.11265	0.91659	1.67428	1.80505	1.61012	3.28218	3.4731	-0.923	8	1
NPFFR2	2.59647	1.9789	1.96068	4.79542	2.33199	1.52573	1.10907	2.68944	1.27566	1.72135	1.1557	1.22677	0.85998	1.28221	2.37408	2.72803	1.33568	1.77921	1.18916	1.5698	1.845	2.21444	0.91659	1.67428	1.52389	2.61278	1.41273	1.33631	-1.195	9	1
HRH1	1.20087	1.80446	1.74267	0.40742	2.33199	1.52573	1.1623	1.13001	2.41795	2.41363	3.42564	5.14102	0.85998	1.28221	1.99654	2.17764	2.15249	1.71265	2.08022	2.00719	3.01429	4.42355	1.09847	1.03676	1.80505	1.61012	1.79473	1.3362	2.548	2	1
CHRM3	1.31142	1.38055	2.26203	2.42672	1.80984	2.3124	1.10907	2.68944	1.96292	1.19776	0.64891	1.25923	0.86488	0.76049	2.27026	2.97558	2.15249	1.71265	2.62454	3.62668	2.26459	3.26346	1.09847	1.03676	1.80505	1.61012	1.6068	2.30563	2.63	5	1
CHRM2	2.23618	3.76186	2.26203	2.42672	2.23983	1.8133	1.10907	2.68944	2.41795	2.41363	0.64891	1.25923	0.85998	1.28221	2.27026	2.97558	2.15249	1.71265	2.93923	3.95985	2.40362	1.98869	1.09847	1.03676	1.80505	1.61012	2.75223	3.48877	1.741	3	1
CHRM1	1.20087	1.80446	2.26203	2.42672	1.80984	2.3124	1.10907	2.68944	2.13371	2.23291	0.64891	1.25923	0.85998	1.28221	2.27026	2.97558	2.15249	1.71265	2.62454	3.62668	1.845	2.21444	1.09847	1.03676	1.80505	1.61012	3.28218	3.4731	2.276	5	1
NPFFR1	2.59647	1.9789	1.96068	4.79542	2.33199	1.52573	1.10907	2.68944	1.27566	1.72135	1.1557	1.22677	0.86488	0.76049	2.37408	2.72803	1.33568	1.77921	1.18916	1.5698	3.81426	4.55825	0.91659	1.67428	1.52389	2.61278	1.41273	1.33631	-0.738	9	1
HCAR3	1.20087	1.80446	1.96068	4.79542	3.84388	6.07901	1.1623	1.13001	1.96292	1.19776	1.1557	1.22677	0.85998	1.28221	3.59498	4.9761	2.13772	2.51643	1.18916	1.5698	4.54774	5.11265	0.91659	1.67428	2.39706	4.02471	1.6068	2.30563	-1.609	7	1
HCAR2	1.20087	1.80446	1.96068	4.79542	3.84388	6.07901	1.1623	1.13001	1.96292	1.19776	1.1557	1.22677	0.85998	1.28221	3.59498	4.9761	2.13772	2.51643	1.18916	1.5698	4.54774	5.11265	0.91659	1.67428	3.16978	4.77279	1.6068	2.30563	-1.612	5	1
OPRM1	2.23618	3.76186	1.49685	2.94958	1.80984	2.3124	1.1623	1.13001	2.76659	3.3921	0.64891	1.25923	0.85998	1.28221	1.95034	1.28369	2.42524	1.6654	1.18916	1.5698	4.54774	5.11265	0.91659	1.67428	2.39706	4.02471	1.6068	2.30563	-1.273	4	1
FFAR2	1.20087	1.80446	1.74267	0.40742	2.23983	1.8133	3.03549	2.60345	3.31565	4.3413	0.64891	1.25923	0.85998	1.28221	2.00888	1.14642	2.13772	2.51643	3.09843	2.84281	4.54774	5.11265	2.43655	3.70149	1.80505	1.61012	1.79473	1.3362	0.415	4	1
FFAR3	1.20087	1.80446	1.49685	2.94958	1.75909	1.77544	3.23737	2.69505	1.27566	1.72135	0.64891	1.25923	0.85998	1.28221	2.00888	1.14642	1.94488	2.06396	1.18916	1.5698	4.54774	5.11265	2.43655	3.70149	1.80505	1.61012	2.98754	2.84971	-0.179	5	1
GHSR	2.23618	3.76186	1.49685	2.94958	1.75909	1.77544	1.10907	2.68944	1.27566	1.72135	0.64891	1.25923	0.86488	0.76049	1.99654	2.17764	2.13772	2.51643	1.18916	1.5698	3.27727	4.1305	0.91659	1.67428	2.07179	0.57612	1.41273	1.33631	1.406	4	1
MTNR1A	1.31142	1.38055	2.26203	2.42672	1.75909	1.77544	1.1623	1.13001	3.31565	4.3413	1.1557	1.22677	0.86488	0.76049	1.95034	1.28369	1.33568	1.77921	2.08022	2.00719	2.21564	1.77247	0.91659	1.67428	1.52389	2.61278	1.41273	1.33631	0.813	4	1
F2RL1	1.20087	1.80446	1.49685	2.94958	1.80984	2.3124	1.1623	1.13001	2.80897	2.93518	0.64891	1.25923	0.86488	0.76049	3.15303	4.44796	1.33568	1.77921	1.18916	1.5698	4.54774	5.11265	0.91659	1.67428	3.16978	4.77279	2.98754	2.84971	-0.334	3	1
FFAR4	1.20087	1.80446	2.4015	4.52105	1.75909	1.77544	1.1623	1.13001	1.27566	1.72135	0.64891	1.25923	0.86488	0.76049	1.99654	2.17764	1.33568	1.77921	2.93923	3.95985	2.242	1.46602	2.32054	1.85019	2.39706	4.02471	1.41273	1.33631	-0.067	3	1
BDKRB1	1.20087	1.80446	1.49685	2.94958	3.71378	3.08681	1.1623	1.13001	1.27566	1.72135	0.64891	1.25923	2.73591	1.79082	1.99654	2.17764	1.33568	1.77921	1.18916	1.5698	4.54774	5.11265	2.32054	1.85019	1.80505	1.61012	1.6068	2.30563	-0.282	4	1
BDKRB2	1.20087	1.80446	1.49685	2.94958	4.78259	5.74289	1.1623	1.13001	2.13371	2.23291	0.64891	1.25923	2.73591	1.79082	2.46723	3.02514	1.33568	1.77921	1.18916	1.5698	4.54774	5.11265	0.91659	1.67428	2.07179	0.57612	1.79473	1.3362	-0.26	2	1
APLNR	1.20087	1.80446	2.78318	3.55129	1.75909	1.77544	1.10907	2.68944	3.31565	4.3413	0.64891	1.25923	0.86488	0.76049	1.99654	2.17764	1.94488	2.06396	2.42356	2.13295	4.54774	5.11265	2.32054	1.85019	1.80505	1.61012	2.98754	2.84971	-0.875	2	1
F2R	1.31142	1.38055	1.49685	2.94958	1.80984	2.3124	1.1623	1.13001	1.96292	1.19776	0.64891	1.25923	0.85998	1.28221	2.64057	3.58675	2.13772	2.51643	1.18916	1.5698	4.54774	5.11265	0.91659	1.67428	3.08953	4.79504	1.79473	1.3362	-2.552	5	1
NPY5R	1.20087	1.80446	1.74267	0.40742	1.80984	2.3124	3.03549	2.60345	3.35022	3.10297	1.1557	1.22677	0.86488	0.76049	1.95034	1.28369	2.42524	1.6654	2.42356	2.13295	2.242	1.46602	2.32054	1.85019	1.52389	2.61278	1.41273	1.33631	0.77	4	1
DRD2	2.59647	1.9789	1.74267	0.40742	2.23983	1.8133	1.1623	1.13001	1.27566	1.72135	0.64891	1.25923	0.85998	1.28221	1.99654	2.17764	2.15249	1.71265	1.18916	1.5698	3.27727	4.1305	0.91659	1.67428	2.07179	0.57612	1.41273	1.33631	2.48	2	1
CCKAR	1.31142	1.38055	1.49685	2.94958	1.75909	1.77544	3.03549	2.60345	1.27566	1.72135	0.64891	1.25923	0.86488	0.76049	2.37408	2.72803	1.33568	1.77921	2.42356	2.13295	1.845	2.21444	1.09847	1.03676	2.39706	4.02471	1.41273	1.33631	1.146	2	1
LPAR2	1.31142	1.38055	1.74267	0.40742	2.33199	1.52573	1.10907	2.68944	1.27566	1.72135	1.1557	1.22677	0.85998	1.28221	2.64057	3.58675	1.33568	1.77921	2.08022	2.00719	2.21564	1.77247	1.09847	1.03676	3.59761	5.39716	2.75223	3.48877	1.823	6	1
SSTR2	1.31142	1.38055	1.49685	2.94958	1.80984	2.3124	1.1623	1.13001	1.96292	1.19776	0.64891	1.25923	0.85998	1.28221	1.95034	1.28369	1.33568	1.77921	2.08022	2.00719	4.54774	5.11265	0.91659	1.67428	2.07179	0.57612	1.41273	1.33631	-1.057	7	1
OPRD1	2.23618	3.76186	4.08217	2.80263	1.80984	2.3124	1.1623	1.13001	3.41106	3.17432	0.64891	1.25923	0.85998	1.28221	1.95034	1.28369	1.94488	2.06396	1.18916	1.5698	4.54774	5.11265	0.91659	1.67428	2.39706	4.02471	1.6068	2.30563	-1.788	2	1
HTR1D	1.20087	1.80446	2.78318	3.55129	2.33199	1.52573	1.1623	1.13001	1.96292	1.19776	1.1557	1.22677	0.86488	0.76049	1.95034	1.28369	2.15249	1.71265	2.24982	1.17814	2.40362	1.98869	1.09847	1.03676	2.07179	0.57612	1.41273	1.33631	2.358	0	1
AGTR1	2.1142	2.42096	1.49685	2.94958	1.80984	2.3124	1.10907	2.68944	2.80897	2.93518	0.64891	1.25923	0.86488	0.76049	2.00888	1.14642	1.33568	1.77921	1.18916	1.5698	4.54774	5.11265	1.09847	1.03676	3.92242	4.3762	1.79473	1.3362	0.195	6	1
LPAR1	2.23618	3.76186	1.74267	0.40742	2.33199	1.52573	1.10907	2.68944	1.27566	1.72135	1.1557	1.22677	0.85998	1.28221	1.99654	2.17764	1.94488	2.06396	2.08022	2.00719	2.26459	3.26346	0.91659	1.67428	3.59761	5.39716	1.41273	1.33631	2.227	3	1
HTR1A	2.1142	2.42096	1.74267	0.40742	2.23983	1.8133	1.1623	1.13001	1.27566	1.72135	1.1557	1.22677	0.86488	0.76049	1.95034	1.28369	2.15249	1.71265	2.24982	1.17814	2.40362	1.98869	1.09847	1.03676	2.07179	0.57612	1.6068	2.30563	2.001	0	1
HTR1B	1.31142	1.38055	2.78318	3.55129	2.33199	1.52573	1.1623	1.13001	1.96292	1.19776	1.1557	1.22677	0.86488	0.76049	1.99654	2.17764	2.15249	1.71265	2.24982	1.17814	2.40362	1.98869	1.09847	1.03676	2.07179	0.57612	1.41273	1.33631	2.187	1	1
ADRA1A	1.31142	1.38055	2.26203	2.42672	2.33199	1.52573	1.1623	1.13001	2.41795	2.41363	0.64891	1.25923	0.85998	1.28221	2.00888	1.14642	2.15249	1.71265	2.24982	1.17814	3.1763	2.32598	0.91659	1.67428	2.07179	0.57612	1.41273	1.33631	0.311	7	0
ADORA2A	2.59647	1.9789	1.74267	0.40742	2.23983	1.8133	1.1623	1.13001	1.27566	1.72135	1.1557	1.22677	0.86488	0.76049	1.99654	2.17764	1.94488	2.06396	2.24982	1.17814	2.242	1.46602	1.09847	1.03676	1.52389	2.61278	2.98754	2.84971	1.547	12	0
ADORA2B	2.59647	1.9789	1.74267	0.40742	2.23983	1.8133	1.1623	1.13001	1.27566	1.72135	1.1557	1.22677	0.86488	0.76049	1.99654	2.17764	1.94488	2.06396	2.24982	1.17814	4.54774	5.11265	1.09847	1.03676	2.64175	3.0552	1.41273	1.33631	2.068	4	0
MC3R	1.31142	1.38055	1.74267	0.40742	2.33199	1.52573	1.1623	1.13001	1.27566	1.72135	1.1557	1.22677	0.86488	0.76049	5.10426	5.57184	2.13772	2.51643	2.24982	1.17814	2.21564	1.77247	2.32054	1.85019	2.07179	0.57612	1.79473	1.3362	1.769	4	0
GPR4	1.20087	1.80446	1.74267	0.40742	1.75909	1.77544	1.1623	1.13001	2.80897	2.93518	0.64891	1.25923	0.85998	1.28221	2.00888	1.14642	1.33568	1.77921	2.08022	2.00719	2.21564	1.77247	2.32054	1.85019	1.80505	1.61012	1.41273	1.33631	-0.12	10	0
AVPR2	1.20087	1.80446	1.74267	0.40742	2.33199	1.52573	3.98919	3.09384	1.27566	1.72135	3.25849	2.9411	0.86488	0.76049	2.37408	2.72803	1.94488	2.06396	2.42356	2.13295	2.242	1.46602	1.09847	1.03676	2.07179	0.57612	2.61124	2.12182	0.528	5	0
DRD5	2.59647	1.9789	1.74267	0.40742	1.75909	1.77544	1.1623	1.13001	1.96292	1.19776	0.64891	1.25923	0.86488	0.76049	1.95034	1.28369	2.15249	1.71265	2.24982	1.17814	2.40362	1.98869	1.09847	1.03676	2.07179	0.57612	1.6068	2.30563	1.481	5	0
GPBAR1	3.80233	1.78977	4.08217	2.80263	1.75909	1.77544	1.95048	2.15624	2.13371	2.23291	6.01553	3.31817	0.85998	1.28221	2.00888	1.14642	1.33568	1.77921	2.24982	1.17814	2.242	1.46602	4.05362	2.83037	1.80505	1.61012	5.26002	5.44806	-0.87	11	0
PTGFR	5.85593	5.47482	5.18273	6.75663	1.80984	2.3124	1.95048	2.15624	1.96292	1.19776	1.1557	1.22677	0.85998	1.28221	2.00888	1.14642	1.33568	1.77921	1.18916	1.5698	4.54774	5.11265	1.09847	1.03676	2.07179	0.57612	2.61124	2.12182	1.586	8	0
PTGER2	5.85593	5.47482	5.18273	6.75663	3.71378	3.08681	3.753	2.94292	1.27566	1.72135	1.1557	1.22677	0.86488	0.76049	2.00888	1.14642	1.33568	1.77921	3.09843	2.84281	3.1763	2.32598	4.41989	2.85212	2.07179	0.57612	2.61124	2.12182	1.701	6	0
DRD1	2.59647	1.9789	1.74267	0.40742	1.75909	1.77544	1.1623	1.13001	1.96292	1.19776	0.64891	1.25923	0.86488	0.76049	1.95034	1.28369	2.15249	1.71265	2.24982	1.17814	2.40362	1.98869	1.09847	1.03676	2.07179	0.57612	1.41273	1.33631	2.028	11	0
ADRB1	1.31142	1.38055	1.74267	0.40742	2.23983	1.8133	1.1623	1.13001	1.96292	1.19776	1.1557	1.22677	0.86488	0.76049	1.95034	1.28369	2.15249	1.71265	2.24982	1.17814	2.21564	1.77247	1.09847	1.03676	2.07179	0.57612	1.41273	1.33631	2.306	6	0
ADRB2	1.31142	1.38055	1.74267	0.40742	2.23983	1.8133	1.1623	1.13001	1.96292	1.19776	1.1557	1.22677	0.86488	0.76049	1.95034	1.28369	2.15249	1.71265	2.24982	1.17814	2.242	1.46602	1.09847	1.03676	2.07179	0.57612	1.79473	1.3362	1.541	9	0
GPR65	1.20087	1.80446	1.49685	2.94958	2.36165	2.66347	3.03549	2.60345	2.80897	2.93518	1.1557	1.22677	0.85998	1.28221	2.00888	1.14642	3.05566	2.77886	2.08022	2.00719	4.54774	5.11265	1.09847	1.03676	2.07179	0.57612	1.41273	1.33631	0.549	4	0
GNRHR	5.85593	5.47482	5.18273	6.75663	4.92038	6.07901	3.23737	2.69505	1.96292	1.19776	0.64891	1.25923	0.86488	0.76049	2.27026	2.97558	2.42524	1.6654	1.18916	1.5698	2.242	1.46602	4.67261	2.94916	1.80505	1.61012	1.79473	1.3362	0.283	1	0
HTR2B	1.31142	1.38055	1.74267	0.40742	2.23983	1.8133	1.1623	1.13001	1.27566	1.72135	0.64891	1.25923	0.86488	0.76049	2.00888	1.14642	2.13772	2.51643	1.18916	1.5698	1.845	2.21444	0.91659	1.67428	2.07179	0.57612	1.79473	1.3362	0.472	8	0
HRH2	2.59647	1.9789	1.74267	0.40742	1.75909	1.77544	1.1623	1.13001	3.41106	3.17432	0.64891	1.25923	0.85998	1.28221	2.00888	1.14642	2.15249	1.71265	2.24982	1.17814	1.845	2.21444	0.91659	1.67428	1.80505	1.61012	1.41273	1.33631	1.657	7	0
OXTR	1.20087	1.80446	1.74267	0.40742	2.33199	1.52573	3.03549	2.60345	2.13371	2.23291	0.64891	1.25923	0.86488	0.76049	2.37408	2.72803	2.42524	1.6654	2.42356	2.13295	2.242	1.46602	1.09847	1.03676	2.07179	0.57612	2.61124	2.12182	1.338	7	0
MC4R	1.31142	1.38055	1.74267	0.40742	2.33199	1.52573	1.1623	1.13001	3.35022	3.10297	1.1557	1.22677	0.86488	0.76049	2.46723	3.02514	2.15249	1.71265	1.18916	1.5698	4.54774	5.11265	2.32054	1.85019	2.07179	0.57612	1.79473	1.3362	1.177	5	0
