GPCR	169bip	169bin	172bip	172bin	186bip	186bin	194bip	194bin	269bip	269bin	382bip	382bin	391bip	391bin	399bip	399bin	413bip	413bin	655bip	655bin	656bip	656bin	661bip	661bin	673bip	673bin	K_TIL	K_CTL	O
PTGFR	5.52855	5.39272	6.03865	5.11505	1.74654	2.65856	3.0195	4.09267	1.25199	0.94054	2.26943	2.04954	1.22338	1.46436	1.76366	1.35463	1.19277	1.71792	1.09904	1.04332	2.19083	1.88456	1.37171	1.45467	1.64664	1.17944	2	6	1
GPR183	1.43082	1.20605	1.38594	1.38621	4.07273	4.52582	3.47331	4.8362	0.69339	1.10259	2.26943	2.04954	1.22338	1.46436	1.76366	1.35463	1.19277	1.71792	1.09904	1.04332	2.31219	2.29788	1.26018	1.36627	1.64664	1.17944	2	7	1
ADORA1	1.38459	1.41565	1.20707	1.49376	1.74036	1.67233	1.38974	1.20344	1.25199	0.94054	2.26943	2.04954	1.22338	1.46436	1.72495	1.75	2.42689	2.18813	1.09904	1.04332	1.51088	1.63093	1.26018	1.36627	1.25936	1.36632	5	2	1
LTB4R	2.10826	2.53402	1.38594	1.38621	1.74036	1.67233	2.10534	1.79075	0.69339	1.10259	2.04326	2.16142	1.22338	1.46436	1.72495	1.75	1.19277	1.71792	1.09904	1.04332	2.31219	2.29788	2.91922	2.70636	1.64664	1.17944	0	2	1
C5AR1	2.10826	2.53402	3.80919	3.32122	1.74036	1.67233	3.48048	3.0479	0.69339	1.10259	2.04326	2.16142	4.55857	5.84859	2.05317	3.45208	2.57231	3.4431	0.95437	1.48229	1.82548	1.44768	1.37171	1.45467	1.64664	1.17944	0	3	1
CCR5	1.38459	1.41565	1.76508	1.96629	1.74654	2.65856	1.36962	1.25273	3.24133	2.98805	1.51079	2.32458	1.22338	1.46436	1.72495	1.75	1.19277	1.71792	1.09904	1.04332	2.19083	1.88456	1.26018	1.36627	1.25936	1.36632	2	4	1
CCR6	2.10826	2.53402	1.91318	3.02045	1.74036	1.67233	1.36962	1.25273	0.69339	1.10259	1.81652	1.52725	1.92229	1.46161	2.14534	1.83926	1.19277	1.71792	0.95437	1.48229	1.82548	1.44768	2.91922	2.70636	3.47521	3.88523	1	5	1
EDNRA	1.43082	1.20605	1.38594	1.38621	1.74036	1.67233	1.38974	1.20344	0.69339	1.10259	2.75874	4.25645	2.59026	3.87623	2.62551	1.89492	2.99985	3.10055	2.19747	2.08483	1.82548	1.44768	1.26018	1.36627	1.9861	1.93328	1	6	1
PTGER3	2.39196	2.91912	1.20707	1.49376	1.74654	2.65856	1.38974	1.20344	1.25199	0.94054	2.55163	2.60815	1.22338	1.46436	2.61523	3.70641	1.19277	1.71792	1.09904	1.04332	2.19083	1.88456	1.7584	1.29917	1.25936	1.36632	1	2	1
CYSLTR2	1.38459	1.41565	1.91318	3.02045	3.00255	3.26126	2.79342	2.18155	0.69339	1.10259	2.04326	2.16142	1.22338	1.46436	3.20188	3.25635	1.19277	1.71792	2.71478	2.73432	1.51088	1.63093	1.26018	1.36627	2.71493	3.69253	1	7	1
OPRL1	2.39196	2.91912	1.38594	1.38621	1.74654	2.65856	1.38974	1.20344	0.69339	1.10259	1.81652	1.52725	2.08319	1.231	3.20188	3.25635	1.19277	1.71792	0.95437	1.48229	1.82548	1.44768	4.21478	4.98926	1.64664	1.17944	1	4	1
CYSLTR1	1.43082	1.20605	1.76508	1.96629	1.74654	2.65856	2.79342	2.18155	0.69339	1.10259	2.26943	2.04954	1.92229	1.46161	2.14534	1.83926	1.19277	1.71792	0.95437	1.48229	2.91622	3.00099	1.7584	1.29917	1.25936	1.36632	4	6	1
CNR1	1.43082	1.20605	1.38594	1.38621	1.74036	1.67233	1.38974	1.20344	1.25199	0.94054	2.75874	4.25645	1.22338	1.46436	1.72495	1.75	1.97645	1.49544	1.09904	1.04332	1.51088	1.63093	1.37171	1.45467	2.56505	2.63187	2	5	1
CNR2	1.43082	1.20605	1.38594	1.38621	1.74036	1.67233	1.38974	1.20344	1.25199	0.94054	1.81652	1.52725	5.20902	5.84859	2.14534	1.83926	1.97645	1.49544	0.95437	1.48229	1.51088	1.63093	1.37171	1.45467	2.56505	2.63187	0	4	1
P2RY2	1.43082	1.20605	1.91318	3.02045	3.78658	6.06776	2.79342	2.18155	0.69339	1.10259	2.75874	4.25645	2.08319	1.231	1.76366	1.35463	1.19277	1.71792	0.95437	1.48229	1.51088	1.63093	1.26018	1.36627	1.64664	1.17944	1	2	1
CXCR2	2.39196	2.91912	1.38594	1.38621	1.74036	1.67233	1.36962	1.25273	0.69339	1.10259	3.10353	2.88106	2.08319	1.231	1.76366	1.35463	1.19277	1.71792	0.95437	1.48229	1.82548	1.44768	1.26018	1.36627	1.9861	1.93328	1	4	1
PTGER4	1.38459	1.41565	1.76508	1.96629	2.47462	2.65919	2.10534	1.79075	0.69339	1.10259	2.26943	2.04954	1.92229	1.46161	1.72495	1.75	3.2305	4.74892	2.71478	2.73432	2.87859	3.76445	1.37171	1.45467	1.64664	1.17944	0	7	1
PTGER2	5.52855	5.39272	6.03865	5.11505	3.43456	3.97763	2.10534	1.79075	1.25199	0.94054	1.81652	1.52725	1.92229	1.46161	1.76366	1.35463	2.99985	3.10055	3.6953	3.899	2.91622	3.00099	1.7584	1.29917	1.25936	1.36632	0	1	1
ADRA2A	1.38459	1.41565	1.20707	1.49376	1.74654	2.65856	1.36962	1.25273	0.69339	1.10259	1.51079	2.32458	2.09769	3.08824	2.14534	1.83926	1.97645	1.49544	0.95437	1.48229	2.31219	2.29788	1.7584	1.29917	2.83064	2.94045	5	1	1
ADRA2B	1.38459	1.41565	1.20707	1.49376	1.74036	1.67233	1.36962	1.25273	0.69339	1.10259	1.51079	2.32458	2.09769	3.08824	2.14534	1.83926	1.97645	1.49544	0.95437	1.48229	2.31219	2.29788	1.26018	1.36627	2.83064	2.94045	7	0	1
ADRA2C	2.10826	2.53402	1.20707	1.49376	1.74036	1.67233	1.36962	1.25273	0.69339	1.10259	1.51079	2.32458	2.09769	3.08824	2.97782	4.41409	1.97645	1.49544	0.95437	1.48229	2.19083	1.88456	1.26018	1.36627	2.83064	2.94045	3	1	1
AVPR1A	1.43082	1.20605	1.76508	1.96629	3.2048	3.5069	1.38974	1.20344	3.24133	2.98805	2.75874	4.25645	2.09769	3.08824	2.97782	4.41409	2.42689	2.18813	1.09904	1.04332	1.82548	1.44768	1.7584	1.29917	1.25936	1.36632	4	7	1
LTB4R2	2.10826	2.53402	1.76508	1.96629	1.74036	1.67233	2.10534	1.79075	0.69339	1.10259	1.81652	1.52725	1.22338	1.46436	1.76366	1.35463	1.19277	1.71792	1.09904	1.04332	1.82548	1.44768	1.26018	1.36627	2.56505	2.63187	0	3	1
HTR2A	1.38459	1.41565	1.20707	1.49376	2.35121	1.75693	1.36962	1.25273	0.69339	1.10259	2.26943	2.04954	1.92229	1.46161	1.72495	1.75	1.19277	1.71792	0.95437	1.48229	2.65661	2.90653	1.7584	1.29917	1.25936	1.36632	3	12	1
HTR2C	1.38459	1.41565	1.20707	1.49376	2.21354	1.61268	1.36962	1.25273	0.69339	1.10259	2.26943	2.04954	1.92229	1.46161	1.72495	1.75	1.19277	1.71792	0.95437	1.48229	2.65661	2.90653	1.37171	1.45467	1.25936	1.36632	5	5	1
HTR2B	1.38459	1.41565	1.20707	1.49376	2.35121	1.75693	1.36962	1.25273	0.69339	1.10259	1.81652	1.52725	3.22588	3.92627	2.14534	1.83926	1.19277	1.71792	0.95437	1.48229	2.65661	2.90653	1.26018	1.36627	1.25936	1.36632	9	9	1
HRH2	2.5342	2.36001	1.20707	1.49376	1.74036	1.67233	1.38974	1.20344	0.69339	1.10259	1.81652	1.52725	1.22338	1.46436	3.60951	3.64102	1.97645	1.49544	0.95437	1.48229	2.19083	1.88456	1.37171	1.45467	2.71493	3.69253	2	3	1
GPR84	1.43082	1.20605	1.76508	1.96629	1.74036	1.67233	1.38974	1.20344	1.25199	0.94054	2.75874	4.25645	1.22338	1.46436	2.97782	4.41409	2.36583	1.5568	0.95437	1.48229	2.65661	2.90653	1.26018	1.36627	1.9861	1.93328	7	1	1
CHRM4	2.39196	2.91912	1.38594	1.38621	2.35121	1.75693	1.36962	1.25273	0.69339	1.10259	1.51079	2.32458	1.22338	1.46436	2.05317	3.45208	3.00933	3.11634	1.09904	1.04332	1.51088	1.63093	1.26018	1.36627	1.64664	1.17944	17	2	1
CXCR5	1.43082	1.20605	1.76508	1.96629	1.74036	1.67233	1.36962	1.25273	1.25199	0.94054	2.04326	2.16142	1.22338	1.46436	2.97782	4.41409	1.19277	1.71792	0.95437	1.48229	2.91622	3.00099	1.26018	1.36627	1.25936	1.36632	0	2	1
NPFFR2	2.5342	2.36001	1.20707	1.49376	2.21354	1.61268	1.38974	1.20344	1.25199	0.94054	2.55163	2.60815	2.09769	3.08824	1.72495	1.75	1.19277	1.71792	0.95437	1.48229	2.38535	2.67785	1.26018	1.36627	2.71493	3.69253	2	7	1
CXCR4	1.38459	1.41565	3.68686	3.58314	1.74036	1.67233	4.00109	5.35542	0.69339	1.10259	3.26399	3.03005	1.22338	1.46436	1.76366	1.35463	1.19277	1.71792	2.19747	2.08483	2.31219	2.29788	2.91922	2.70636	1.25936	1.36632	1	5	1
CHRM3	1.38459	1.41565	1.91318	3.02045	1.74654	2.65856	1.36962	1.25273	0.69339	1.10259	1.51079	2.32458	2.59026	3.87623	2.05317	3.45208	2.57231	3.4431	1.09904	1.04332	1.51088	1.63093	1.37171	1.45467	1.25936	1.36632	21	7	1
CHRM2	2.39196	2.91912	1.38594	1.38621	2.35121	1.75693	1.36962	1.25273	0.69339	1.10259	1.51079	2.32458	1.22338	1.46436	2.05317	3.45208	3.00933	3.11634	1.09904	1.04332	1.51088	1.63093	1.37171	1.45467	1.64664	1.17944	20	4	1
CHRM1	1.43082	1.20605	1.91318	3.02045	1.74654	2.65856	1.36962	1.25273	0.69339	1.10259	3.26399	3.03005	1.22338	1.46436	3.60951	3.64102	2.57231	3.4431	1.09904	1.04332	1.51088	1.63093	1.26018	1.36627	1.25936	1.36632	13	4	1
NPFFR1	2.5342	2.36001	1.20707	1.49376	2.21354	1.61268	1.38974	1.20344	1.25199	0.94054	3.10353	2.88106	2.09769	3.08824	1.72495	1.75	1.19277	1.71792	0.95437	1.48229	2.38535	2.67785	1.26018	1.36627	2.56505	2.63187	0	1	1
HCAR3	1.43082	1.20605	1.91318	3.02045	3.78658	6.06776	1.36962	1.25273	1.25199	0.94054	1.81652	1.52725	1.22338	1.46436	1.76366	1.35463	1.19277	1.71792	0.95437	1.48229	2.38535	2.67785	1.37171	1.45467	1.25936	1.36632	1	5	1
HCAR2	1.43082	1.20605	1.91318	3.02045	3.78658	6.06776	1.36962	1.25273	1.25199	0.94054	1.81652	1.52725	1.22338	1.46436	1.76366	1.35463	1.19277	1.71792	0.95437	1.48229	2.38535	2.67785	1.37171	1.45467	1.64664	1.17944	1	2	1
HRH1	1.43082	1.20605	1.20707	1.49376	2.21354	1.61268	1.38974	1.20344	3.39644	5.10674	1.51079	2.32458	1.22338	1.46436	1.76366	1.35463	2.36583	1.5568	1.09904	1.04332	2.19083	1.88456	1.26018	1.36627	1.25936	1.36632	17	3	1
OPRK1	2.39196	2.91912	1.38594	1.38621	1.74654	2.65856	1.38974	1.20344	0.69339	1.10259	1.51079	2.32458	1.92229	1.46161	2.14534	1.83926	1.19277	1.71792	0.95437	1.48229	1.82548	1.44768	1.7584	1.29917	1.25936	1.36632	2	3	1
FFAR3	1.43082	1.20605	1.91318	3.02045	1.74036	1.67233	1.36962	1.25273	0.69339	1.10259	2.04326	2.16142	2.08319	1.231	3.20188	3.25635	1.19277	1.71792	2.71478	2.73432	1.51088	1.63093	1.7584	1.29917	1.64664	1.17944	0	3	1
GHSR	2.39196	2.91912	1.20707	1.49376	1.74036	1.67233	1.36962	1.25273	0.69339	1.10259	3.10353	2.88106	1.22338	1.46436	2.05317	3.45208	1.19277	1.71792	0.95437	1.48229	1.82548	1.44768	1.26018	1.36627	1.64664	1.17944	0	4	1
OPRM1	2.39196	2.91912	1.38594	1.38621	1.74654	2.65856	1.38974	1.20344	0.69339	1.10259	1.51079	2.32458	2.59026	3.87623	2.05317	3.45208	1.19277	1.71792	0.95437	1.48229	1.82548	1.44768	1.7584	1.29917	1.25936	1.36632	3	1	1
F2RL1	1.43082	1.20605	1.91318	3.02045	1.74654	2.65856	2.79342	2.18155	0.69339	1.10259	1.81652	1.52725	3.10848	2.54705	2.62551	1.89492	1.19277	1.71792	0.95437	1.48229	1.51088	1.63093	1.37171	1.45467	1.9861	1.93328	2	6	1
BDKRB1	1.43082	1.20605	1.91318	3.02045	3.43456	3.97763	1.36962	1.25273	0.69339	1.10259	1.51079	2.32458	1.22338	1.46436	1.72495	1.75	1.19277	1.71792	2.19747	2.08483	1.82548	1.44768	1.7584	1.29917	2.83064	2.94045	1	4	1
BDKRB2	1.43082	1.20605	1.91318	3.02045	4.7355	5.704	1.36962	1.25273	0.69339	1.10259	2.04326	2.16142	1.22338	1.46436	2.05317	3.45208	1.19277	1.71792	0.95437	1.48229	1.51088	1.63093	1.37171	1.45467	1.25936	1.36632	2	5	1
APLNR	1.43082	1.20605	1.20707	1.49376	1.74036	1.67233	1.38974	1.20344	0.69339	1.10259	3.2343	2.6269	2.08319	1.231	1.76366	1.35463	2.42689	2.18813	2.19747	2.08483	1.82548	1.44768	1.26018	1.36627	1.9861	1.93328	2	3	1
MC3R	1.38459	1.41565	1.20707	1.49376	2.21354	1.61268	1.36962	1.25273	1.25199	0.94054	5.17552	5.08475	2.09769	3.08824	2.97782	4.41409	1.97645	1.49544	2.19747	2.08483	1.51088	1.63093	3.14807	4.14756	1.9861	1.93328	1	0	1
F2R	1.38459	1.41565	1.91318	3.02045	1.74654	2.65856	2.79342	2.18155	0.69339	1.10259	2.04326	2.16142	2.08319	1.231	2.05317	3.45208	1.19277	1.71792	0.95437	1.48229	2.65661	2.90653	1.37171	1.45467	1.64664	1.17944	1	4	1
NPY5R	1.43082	1.20605	1.76508	1.96629	1.74654	2.65856	1.38974	1.20344	1.25199	0.94054	1.81652	1.52725	1.22338	1.46436	2.05317	3.45208	2.42689	2.18813	2.19747	2.08483	2.31219	2.29788	1.7584	1.29917	1.9861	1.93328	14	1	1
DRD2	2.5342	2.36001	1.20707	1.49376	2.35121	1.75693	1.38974	1.20344	0.69339	1.10259	1.51079	2.32458	2.08319	1.231	1.76366	1.35463	1.19277	1.71792	0.95437	1.48229	1.51088	1.63093	1.37171	1.45467	1.25936	1.36632	14	2	1
CCKAR	1.38459	1.41565	1.76508	1.96629	1.74036	1.67233	1.36962	1.25273	0.69339	1.10259	1.81652	1.52725	1.92229	1.46161	3.43819	3.70435	2.42689	2.18813	1.09904	1.04332	1.82548	1.44768	1.26018	1.36627	3.47475	4.0742	8	1	1
DRD1	2.5342	2.36001	1.20707	1.49376	1.74036	1.67233	2.10534	1.79075	0.69339	1.10259	2.04326	2.16142	1.92229	1.46161	2.14534	1.83926	1.97645	1.49544	1.09904	1.04332	2.19083	1.88456	3.84884	3.17421	1.25936	1.36632	5	6	1
ADRB1	1.38459	1.41565	1.38594	1.38621	2.35121	1.75693	1.38974	1.20344	1.25199	0.94054	2.04326	2.16142	2.08319	1.231	2.62551	1.89492	1.97645	1.49544	1.09904	1.04332	2.19083	1.88456	1.26018	1.36627	1.9861	1.93328	4	2	1
SSTR2	1.38459	1.41565	1.38594	1.38621	1.74654	2.65856	1.38974	1.20344	0.69339	1.10259	1.51079	2.32458	2.08319	1.231	3.60951	3.64102	2.36583	1.5568	0.95437	1.48229	1.82548	1.44768	3.14807	4.14756	1.25936	1.36632	4	5	1
OPRD1	2.39196	2.91912	1.38594	1.38621	1.74654	2.65856	1.38974	1.20344	0.69339	1.10259	1.81652	1.52725	2.08319	1.231	2.05317	3.45208	1.19277	1.71792	0.95437	1.48229	1.82548	1.44768	1.7584	1.29917	1.25936	1.36632	2	2	1
AGTR1	2.10826	2.53402	1.38594	1.38621	1.74654	2.65856	1.36962	1.25273	0.69339	1.10259	1.51079	2.32458	3.10848	2.54705	1.76366	1.35463	1.19277	1.71792	1.09904	1.04332	1.82548	1.44768	3.14807	4.14756	1.25936	1.36632	4	9	1
HCRTR2	2.5342	2.36001	1.20707	1.49376	1.74036	1.67233	1.38974	1.20344	1.25199	0.94054	1.81652	1.52725	2.09769	3.08824	1.72495	1.75	1.19277	1.71792	0.95437	1.48229	1.51088	1.63093	1.37171	1.45467	1.25936	1.36632	4	4	1
HTR1A	2.10826	2.53402	1.38594	1.38621	2.35121	1.75693	1.38974	1.20344	1.25199	0.94054	2.26943	2.04954	1.92229	1.46161	1.76366	1.35463	1.97645	1.49544	1.09904	1.04332	2.19083	1.88456	1.26018	1.36627	1.25936	1.36632	11	5	1
HTR1B	1.38459	1.41565	1.20707	1.49376	2.21354	1.61268	1.38974	1.20344	1.25199	0.94054	2.04326	2.16142	3.10848	2.54705	2.14534	1.83926	1.97645	1.49544	1.09904	1.04332	1.51088	1.63093	1.7584	1.29917	1.25936	1.36632	6	3	1
ADORA3	1.38459	1.41565	1.20707	1.49376	2.35121	1.75693	1.38974	1.20344	1.25199	0.94054	2.26943	2.04954	3.10848	2.54705	3.60951	3.64102	2.42689	2.18813	0.95437	1.48229	1.51088	1.63093	1.26018	1.36627	1.25936	1.36632	2	6	0
GPR39	5.52855	5.39272	1.76508	1.96629	2.35121	1.75693	2.79342	2.18155	0.69339	1.10259	2.26943	2.04954	2.08319	1.231	2.62551	1.89492	1.19277	1.71792	1.09904	1.04332	1.82548	1.44768	1.7584	1.29917	1.25936	1.36632	3	4	0
FFAR2	1.43082	1.20605	1.91318	3.02045	2.35121	1.75693	1.36962	1.25273	0.69339	1.10259	1.81652	1.52725	1.92229	1.46161	2.14534	1.83926	2.99985	3.10055	2.71478	2.73432	1.51088	1.63093	1.7584	1.29917	1.64664	1.17944	0	1	0
GNRHR	5.52855	5.39272	6.03865	5.11505	4.9362	6.06776	1.36962	1.25273	0.69339	1.10259	3.10353	2.88106	1.92229	1.46161	1.76366	1.35463	1.19277	1.71792	4.5192	2.97314	2.38535	2.67785	1.7584	1.29917	1.64664	1.17944	1	0	0
GPBAR1	2.65837	2.78869	1.38594	1.38621	1.74036	1.67233	3.48048	3.0479	6.00353	3.32695	2.04326	2.16142	1.22338	1.46436	2.62551	1.89492	1.97645	1.49544	3.97275	2.8964	2.19083	1.88456	1.26018	1.36627	2.56505	2.63187	0	0	0
MC4R	1.38459	1.41565	1.38594	1.38621	2.21354	1.61268	1.38974	1.20344	1.25199	0.94054	3.26399	3.03005	2.08319	1.231	2.62551	1.89492	1.19277	1.71792	2.19747	2.08483	2.31219	2.29788	1.7584	1.29917	1.9861	1.93328	0	2	0
ADORA2A	2.5342	2.36001	1.20707	1.49376	2.35121	1.75693	2.10534	1.79075	1.25199	0.94054	2.26943	2.04954	1.22338	1.46436	1.76366	1.35463	1.97645	1.49544	1.09904	1.04332	1.82548	1.44768	1.26018	1.36627	1.25936	1.36632	2	3	0
ADORA2B	2.5342	2.36001	1.20707	1.49376	2.35121	1.75693	1.36962	1.25273	1.25199	0.94054	2.26943	2.04954	1.22338	1.46436	1.76366	1.35463	1.97645	1.49544	1.09904	1.04332	1.82548	1.44768	1.26018	1.36627	2.56505	2.63187	0	2	0
S1PR1	1.43082	1.20605	1.38594	1.38621	2.21354	1.61268	1.38974	1.20344	1.25199	0.94054	3.2343	2.6269	1.22338	1.46436	1.72495	1.75	2.36583	1.5568	0.95437	1.48229	1.51088	1.63093	2.91922	2.70636	1.25936	1.36632	3	6	0
PTGER1	5.52855	5.39272	6.03865	5.11505	3.12729	2.70005	2.10534	1.79075	1.25199	0.94054	2.55163	2.60815	2.08319	1.231	1.76366	1.35463	1.19277	1.71792	1.09904	1.04332	2.19083	1.88456	1.37171	1.45467	1.64664	1.17944	0	1	0
FFAR4	1.43082	1.20605	1.20707	1.49376	1.74036	1.67233	2.10534	1.79075	0.69339	1.10259	3.2343	2.6269	2.08319	1.231	1.72495	1.75	3.00933	3.11634	2.19747	2.08483	2.19083	1.88456	1.37171	1.45467	1.25936	1.36632	2	4	0
HTR1D	1.43082	1.20605	1.38594	1.38621	2.21354	1.61268	1.38974	1.20344	1.25199	0.94054	4.55096	2.85236	1.92229	1.46161	2.14534	1.83926	1.97645	1.49544	1.09904	1.04332	1.51088	1.63093	1.37171	1.45467	1.64664	1.17944	4	2	0
GPR65	1.43082	1.20605	4.63379	3.05434	2.47462	2.65919	1.36962	1.25273	1.25199	0.94054	4.55096	2.85236	1.92229	1.46161	1.76366	1.35463	2.36583	1.5568	1.09904	1.04332	2.91622	3.00099	1.26018	1.36627	1.64664	1.17944	2	3	0
MTNR1B	1.38459	1.41565	1.20707	1.49376	1.74036	1.67233	1.36962	1.25273	1.25199	0.94054	2.04326	2.16142	1.22338	1.46436	3.20188	3.25635	2.36583	1.5568	0.95437	1.48229	2.65661	2.90653	1.37171	1.45467	4.59776	3.71734	3	2	0
MTNR1A	1.38459	1.41565	1.20707	1.49376	1.74036	1.67233	2.10534	1.79075	1.25199	0.94054	2.04326	2.16142	2.08319	1.231	2.14534	1.83926	2.36583	1.5568	0.95437	1.48229	2.65661	2.90653	1.37171	1.45467	2.83064	2.94045	4	4	0
GPR68	1.43082	1.20605	5.2738	3.45466	1.74036	1.67233	1.36962	1.25273	0.69339	1.10259	1.81652	1.52725	3.10848	2.54705	1.76366	1.35463	2.36583	1.5568	2.71478	2.73432	1.82548	1.44768	2.91922	2.70636	1.64664	1.17944	1	2	0
ADRA1A	1.38459	1.41565	1.20707	1.49376	2.21354	1.61268	1.38974	1.20344	0.69339	1.10259	1.81652	1.52725	1.22338	1.46436	1.76366	1.35463	1.97645	1.49544	0.95437	1.48229	1.82548	1.44768	1.26018	1.36627	1.9861	1.93328	8	11	0
GPR4	1.43082	1.20605	3.89892	2.74933	1.74036	1.67233	1.36962	1.25273	0.69339	1.10259	2.26943	2.04954	3.10848	2.54705	1.76366	1.35463	2.36583	1.5568	2.19747	2.08483	2.31219	2.29788	1.7584	1.29917	1.64664	1.17944	0	5	0
AVPR2	1.43082	1.20605	1.76508	1.96629	2.21354	1.61268	1.38974	1.20344	3.24133	2.98805	1.81652	1.52725	2.09769	3.08824	2.62551	1.89492	2.42689	2.18813	1.09904	1.04332	1.82548	1.44768	1.26018	1.36627	1.9861	1.93328	0	1	0
DRD5	2.5342	2.36001	1.38594	1.38621	1.74036	1.67233	1.38974	1.20344	0.69339	1.10259	1.81652	1.52725	1.92229	1.46161	2.14534	1.83926	1.97645	1.49544	1.09904	1.04332	2.19083	1.88456	3.84884	3.17421	1.25936	1.36632	2	3	0
ADRB2	1.38459	1.41565	1.38594	1.38621	2.35121	1.75693	1.38974	1.20344	1.25199	0.94054	1.51079	2.32458	2.08319	1.231	1.72495	1.75	1.97645	1.49544	1.09904	1.04332	2.19083	1.88456	1.26018	1.36627	1.25936	1.36632	5	3	0
OXTR	1.43082	1.20605	1.76508	1.96629	2.21354	1.61268	2.79342	2.18155	0.69339	1.10259	1.81652	1.52725	2.08319	1.231	2.62551	1.89492	2.42689	2.18813	1.09904	1.04332	1.82548	1.44768	1.7584	1.29917	2.83064	2.94045	3	3	0
LPAR2	1.38459	1.41565	1.38594	1.38621	2.21354	1.61268	1.36962	1.25273	1.25199	0.94054	1.81652	1.52725	2.08319	1.231	1.72495	1.75	2.36583	1.5568	1.09904	1.04332	1.51088	1.63093	1.7584	1.29917	1.64664	1.17944	0	0	0
LPAR1	2.39196	2.91912	1.38594	1.38621	2.21354	1.61268	2.79342	2.18155	1.25199	0.94054	1.51079	2.32458	5.20902	5.84859	1.72495	1.75	2.36583	1.5568	0.95437	1.48229	1.51088	1.63093	1.37171	1.45467	1.64664	1.17944	0	1	0
